 -30. 0.
 -29.8 0.
 -29.6 0.
 -29.4 0.
 -29.2 0.
 -29. 3.
 -28.8 5.
 -28.6 9.
 -28.4 492.
 -28.2 260.
 -28. 189.
 -27.8 167.
 -27.6 151.
 -27.4 141.
 -27.2 246.
 -27. 202.
 -26.8 189.
 -26.6 165.
 -26.4 172.
 -26.2 191.
 -26. 230.
 -25.8 311.
 -25.6 5283.
 -25.4 335.
 -25.2 675.
 -25. 611.
 -24.8 624.
 -24.6 20066.
 -24.4 5013.
 -24.2 690.
 -24. 10119.
 -23.8 19416.
 -23.6 15499.
 -23.4 13519.
 -23.2 1011.
 -23. 35862.
 -22.8 87670.
 -22.6 17598.
 -22.4 15582.
 -22.2 54528.
 -22. 4897.
 -21.8 3557.
 -21.6 41503.
 -21.4 58293.
 -21.2 24741.
 -21. 20856.
 -20.8 61389.
 -20.6 81449.
 -20.4 46234.
 -20.2 31721.
 -20. 56359.
 -19.8 69121.
 -19.6 83889.
 -19.4 115361.
 -19.2 109541.
 -19. 91912.
 -18.8 83065.
 -18.6 105732.
 -18.4 71660.
 -18.2 69213.
 -18. 158195.
 -17.8 96594.
 -17.6 134028.
 -17.4 78740.
 -17.2 120578.
 -17. 115448.
 -16.8 121489.
 -16.6 85626.
 -16.4 78677.
 -16.2 139159.
 -16. 86065.
 -15.8 102391.
 -15.6 89021.
 -15.4 86547.
 -15.2 163765.
 -15. 125036.
 -14.8 140718.
 -14.6 121542.
 -14.4 143456.
 -14.2 105851.
 -14. 94541.
 -13.8 119782.
 -13.6 128589.
 -13.4 132207.
 -13.2 143739.
 -13. 164903.
 -12.8 148508.
 -12.6 183411.
 -12.4 193268.
 -12.2 170064.
 -12. 156996.
 -11.8 101527.
 -11.6 219582.
 -11.4 140956.
 -11.2 111347.
 -11. 106961.
 -10.8 161385.
 -10.6 118693.
 -10.4 129705.
 -10.2 115917.
 -10. 125921.
 -9.8 142842.
 -9.6 151027.
 -9.4 175195.
 -9.2 94781.
 -9. 87876.
 -8.8 127736.
 -8.6 94149.
 -8.4 67796.
 -8.2 144988.
 -8. 89982.
 -7.8 82913.
 -7.6 70416.
 -7.4 88290.
 -7.2 122668.
 -7. 94500.
 -6.8 104245.
 -6.6 71505.
 -6.4 109213.
 -6.2 96032.
 -6. 89349.
 -5.8 101368.
 -5.6 125454.
 -5.4 89200.
 -5.2 100680.
 -5. 90820.
 -4.8 69323.
 -4.6 67092.
 -4.4 74957.
 -4.2 54410.
 -4. 82854.
 -3.8 42285.
 -3.6 58455.
 -3.4 47466.
 -3.2 58747.
 -3. 54628.
 -2.8 51621.
 -2.6 36917.
 -2.4 53511.
 -2.2 34672.
 -2. 51585.
 -1.8 61644.
 -1.6 73083.
 -1.4 33783.
 -1.2 56880.
 -1. 62702.
 -0.8 52090.
 -0.6 51006.
 -0.4 51184.
 -0.2 41572.
 0. 80097.
 0.2 47187.
 0.4 37207.
 0.6 32736.
 0.8 59144.
 1. 38779.
 1.2 57899.
 1.4 33599.
 1.6 37111.
 1.8 46456.
 2. 38145.
 2.2 48813.
 2.4 55510.
 2.6 48568.
 2.8 34558.
 3. 59366.
 3.2 91890.
 3.4 52124.
 3.6 80701.
 3.8 68069.
 4. 60482.
 4.2 58853.
 4.4 72311.
 4.6 71083.
 4.8 54363.
 5. 58311.
 5.2 65071.
 5.4 75870.
 5.6 78295.
 5.8 75904.
 6. 59276.
 6.2 47578.
 6.4 57902.
 6.6 76576.
 6.8 92814.
 7. 139380.
 7.2 80641.
 7.4 93508.
 7.6 77314.
 7.8 90422.
 8. 111609.
 8.2 118395.
 8.4 84658.
 8.6 104552.
 8.8 135885.
 9. 80457.
 9.2 100064.
 9.4 84363.
 9.6 127948.
 9.8 78281.
 10. 130627.
 10.2 123937.
 10.4 94689.
 10.6 109839.
 10.8 145741.
 11. 112246.
 11.2 88796.
 11.4 117573.
 11.6 124688.
 11.8 113218.
 12. 181996.
 12.2 87457.
 12.4 157701.
 12.6 92929.
 12.8 171313.
 13. 98620.
 13.2 67370.
 13.4 129465.
 13.6 93163.
 13.8 175286.
 14. 105568.
 14.2 127085.
 14.4 87079.
 14.6 93835.
 14.8 142944.
 15. 199843.
 15.2 100282.
 15.4 79658.
 15.6 108502.
 15.8 68141.
 16. 139775.
 16.2 89037.
 16.4 125656.
 16.6 48668.
 16.8 132490.
 17. 99893.
 17.2 170349.
 17.4 108207.
 17.6 51178.
 17.8 86705.
 18. 70332.
 18.2 88818.
 18.4 72733.
 18.6 40821.
 18.8 108831.
 19. 46123.
 19.2 74327.
 19.4 8785.
 19.6 26161.
 19.8 61454.
 20. 21471.
 20.2 64186.
 20.4 33473.
 20.6 64150.
 20.8 29174.
 21. 44146.
 21.2 21287.
 21.4 1361.
 21.6 1491.
 21.8 29790.
 22. 35435.
 22.2 32290.
 22.4 6321.
 22.6 26435.
 22.8 5429.
 23. 18611.
 23.2 27254.
 23.4 5534.
 23.6 214.
 23.8 14535.
 24. 120.
 24.2 114.
 24.4 134.
 24.6 114.
 24.8 14051.
 25. 19145.
 25.2 9370.
 25.4 39.
 25.6 26.
 25.8 26.
 26. 15.
 26.2 14.
 26.4 8.
 26.6 14.
 26.8 7.
 27. 6.
 27.2 4.
 27.4 3.
 27.6 2.
 27.8 5.
 28. 0.
 28.2 0.
 28.4 0.
 28.6 0.
 28.8 0.
 29. 0.
 29.2 0.
 29.4 0.
 29.6 0.
 29.8 0.
 30. 0.
