 -75. 0.
 -74.5 0.
 -74. 0.
 -73.5 0.
 -73. 0.
 -72.5 2.
 -72. 1.
 -71.5 0.
 -71. 0.
 -70.5 0.
 -70. 2.
 -69.5 2.
 -69. 3.
 -68.5 3.
 -68. 4.
 -67.5 3.
 -67. 5.
 -66.5 10.
 -66. 5.
 -65.5 6.
 -65. 11.
 -64.5 13.
 -64. 18.
 -63.5 20.
 -63. 29.
 -62.5 740.
 -62. 83.
 -61.5 92.
 -61. 733.
 -60.5 142.
 -60. 1542.
 -59.5 1006.
 -59. 319.
 -58.5 288.
 -58. 271.
 -57.5 366.
 -57. 436.
 -56.5 2037.
 -56. 1315.
 -55.5 795.
 -55. 775.
 -54.5 1727.
 -54. 3269.
 -53.5 1132.
 -53. 1330.
 -52.5 2137.
 -52. 4314.
 -51.5 2415.
 -51. 4314.
 -50.5 2582.
 -50. 2837.
 -49.5 6021.
 -49. 6708.
 -48.5 3441.
 -48. 4480.
 -47.5 10446.
 -47. 4335.
 -46.5 7907.
 -46. 6830.
 -45.5 7295.
 -45. 6670.
 -44.5 8752.
 -44. 9434.
 -43.5 10797.
 -43. 12492.
 -42.5 12667.
 -42. 13724.
 -41.5 16763.
 -41. 16974.
 -40.5 19293.
 -40. 19270.
 -39.5 21103.
 -39. 23161.
 -38.5 22711.
 -38. 28241.
 -37.5 26745.
 -37. 31023.
 -36.5 31424.
 -36. 33977.
 -35.5 36915.
 -35. 39021.
 -34.5 42438.
 -34. 42535.
 -33.5 44521.
 -33. 45978.
 -32.5 48464.
 -32. 49100.
 -31.5 52978.
 -31. 53858.
 -30.5 56929.
 -30. 56252.
 -29.5 57851.
 -29. 59788.
 -28.5 59108.
 -28. 61623.
 -27.5 61534.
 -27. 62495.
 -26.5 63350.
 -26. 64814.
 -25.5 62523.
 -25. 62653.
 -24.5 65021.
 -24. 62261.
 -23.5 61628.
 -23. 63161.
 -22.5 60552.
 -22. 60713.
 -21.5 61595.
 -21. 60135.
 -20.5 59128.
 -20. 59147.
 -19.5 60122.
 -19. 56748.
 -18.5 55876.
 -18. 54773.
 -17.5 54149.
 -17. 53416.
 -16.5 52097.
 -16. 51597.
 -15.5 50137.
 -15. 51051.
 -14.5 48545.
 -14. 48408.
 -13.5 46735.
 -13. 46270.
 -12.5 45319.
 -12. 44525.
 -11.5 43772.
 -11. 43475.
 -10.5 43732.
 -10. 41771.
 -9.5 41329.
 -9. 41126.
 -8.5 41981.
 -8. 39982.
 -7.5 39400.
 -7. 39037.
 -6.5 38390.
 -6. 38536.
 -5.5 37739.
 -5. 37309.
 -4.5 36973.
 -4. 37127.
 -3.5 36644.
 -3. 36597.
 -2.5 36302.
 -2. 37593.
 -1.5 37850.
 -1. 36145.
 -0.5 36050.
 0. 71890.
 0.5 36098.
 1. 37219.
 1.5 36284.
 2. 36331.
 2.5 36807.
 3. 36603.
 3.5 36809.
 4. 36871.
 4.5 37438.
 5. 37707.
 5.5 37548.
 6. 38337.
 6.5 38462.
 7. 38553.
 7.5 39274.
 8. 39573.
 8.5 39848.
 9. 41418.
 9.5 41527.
 10. 42084.
 10.5 42314.
 11. 43237.
 11.5 43996.
 12. 44620.
 12.5 45765.
 13. 45769.
 13.5 47087.
 14. 47591.
 14.5 48198.
 15. 49157.
 15.5 50951.
 16. 51363.
 16.5 51495.
 17. 52529.
 17.5 54074.
 18. 54083.
 18.5 58908.
 19. 57242.
 19.5 56649.
 20. 58964.
 20.5 59222.
 21. 59113.
 21.5 59662.
 22. 61695.
 22.5 60379.
 23. 61014.
 23.5 62347.
 24. 62621.
 24.5 62303.
 25. 62997.
 25.5 64747.
 26. 62246.
 26.5 61920.
 27. 61443.
 27.5 61182.
 28. 63684.
 28.5 60889.
 29. 58052.
 29.5 57304.
 30. 56341.
 30.5 53998.
 31. 56251.
 31.5 50696.
 32. 52260.
 32.5 48679.
 33. 45778.
 33.5 48303.
 34. 43589.
 34.5 39573.
 35. 37056.
 35.5 36976.
 36. 34742.
 36.5 32144.
 37. 29349.
 37.5 31331.
 38. 29025.
 38.5 23330.
 39. 24164.
 39.5 20812.
 40. 19423.
 40.5 18056.
 41. 16061.
 41.5 13816.
 42. 13697.
 42.5 12819.
 43. 10624.
 43.5 10953.
 44. 9911.
 44.5 9411.
 45. 8019.
 45.5 7201.
 46. 6837.
 46.5 6235.
 47. 5612.
 47.5 4601.
 48. 3379.
 48.5 3421.
 49. 6834.
 49.5 3506.
 50. 3595.
 50.5 4633.
 51. 3821.
 51.5 1733.
 52. 3445.
 52.5 1834.
 53. 1032.
 53.5 1628.
 54. 1536.
 54.5 763.
 55. 935.
 55.5 2647.
 56. 1126.
 56.5 1149.
 57. 2710.
 57.5 1265.
 58. 442.
 58.5 265.
 59. 108.
 59.5 63.
 60. 76.
 60.5 64.
 61. 41.
 61.5 41.
 62. 31.
 62.5 38.
 63. 25.
 63.5 20.
 64. 17.
 64.5 12.
 65. 17.
 65.5 12.
 66. 18.
 66.5 7.
 67. 11.
 67.5 7.
 68. 6.
 68.5 2.
 69. 2.
 69.5 1.
 70. 1.
 70.5 0.
 71. 0.
 71.5 0.
 72. 0.
 72.5 0.
 73. 0.
 73.5 0.
 74. 0.
 74.5 0.
 75. 0.
