 -750.0000298023224 0.
 -700.0000278155009 0.
 -650.0000258286794 1.
 -600.0000238418579 1.
 -550.0000218550364 3.
 -500.0000198682149 0.
 -450.00001788139343 1.
 -400.00001589457196 0.
 -350.00001390775043 5.
 -300.00001192092896 1.
 -250.00000993410745 5.
 -200.00000794728598 7.
 -150.00000596046448 11.
 -100.00000397364299 8.
 -50.000001986821495 14.
 0. 50.
 50.000001986821495 31.
 100.00000397364299 45.
 150.00000596046448 44.
 200.00000794728598 43.
 250.00000993410745 53.
 300.00001192092896 60.
 350.00001390775043 65.
 400.00001589457196 57.
 450.00001788139343 53.
 500.0000198682149 59.
 550.0000218550364 43.
 600.0000238418579 38.
 650.0000258286794 33.
 700.0000278155009 22.
 750.0000298023224 17.
