 -30. 0.
 -29.8 0.
 -29.6 0.
 -29.4 0.
 -29.2 0.
 -29. 0.
 -28.8 0.
 -28.6 0.
 -28.4 0.
 -28.2 0.
 -28. 0.
 -27.8 25.
 -27.6 14399.
 -27.4 6.
 -27.2 6.
 -27. 4.
 -26.8 7.
 -26.6 19882.
 -26.4 57.
 -26.2 127.
 -26. 14380.
 -25.8 83.
 -25.6 19922.
 -25.4 50.
 -25.2 49.
 -25. 44.
 -24.8 1075.
 -24.6 867.
 -24.4 1210.
 -24.2 1863.
 -24. 2125.
 -23.8 15975.
 -23.6 15220.
 -23.4 15904.
 -23.2 20885.
 -23. 441.
 -22.8 28382.
 -22.6 395.
 -22.4 9409.
 -22.2 31401.
 -22. 11628.
 -21.8 1754.
 -21.6 28289.
 -21.4 30957.
 -21.2 20721.
 -21. 31955.
 -20.8 23876.
 -20.6 86729.
 -20.4 20453.
 -20.2 31659.
 -20. 29922.
 -19.8 32132.
 -19.6 46685.
 -19.4 50838.
 -19.2 93730.
 -19. 43977.
 -18.8 58292.
 -18.6 85885.
 -18.4 122831.
 -18.2 84369.
 -18. 35276.
 -17.8 44257.
 -17.6 75608.
 -17.4 83300.
 -17.2 76497.
 -17. 136159.
 -16.8 107931.
 -16.6 88142.
 -16.4 106876.
 -16.2 86180.
 -16. 126277.
 -15.8 119823.
 -15.6 152034.
 -15.4 143421.
 -15.2 113926.
 -15. 179506.
 -14.8 96624.
 -14.6 144236.
 -14.4 186903.
 -14.2 138395.
 -14. 96072.
 -13.8 165322.
 -13.6 179571.
 -13.4 139742.
 -13.2 113047.
 -13. 155078.
 -12.8 225279.
 -12.6 162971.
 -12.4 155199.
 -12.2 106209.
 -12. 94347.
 -11.8 74906.
 -11.6 113422.
 -11.4 151469.
 -11.2 115605.
 -11. 171332.
 -10.8 147280.
 -10.6 163616.
 -10.4 97661.
 -10.2 99684.
 -10. 101317.
 -9.8 85972.
 -9.6 98759.
 -9.4 114656.
 -9.2 84686.
 -9. 85381.
 -8.8 71179.
 -8.6 91426.
 -8.4 98463.
 -8.2 98381.
 -8. 89687.
 -7.8 78985.
 -7.6 93012.
 -7.4 62075.
 -7.2 58290.
 -7. 82856.
 -6.8 74924.
 -6.6 77025.
 -6.4 87054.
 -6.2 76104.
 -6. 57715.
 -5.8 54325.
 -5.6 56920.
 -5.4 75632.
 -5.2 59264.
 -5. 79713.
 -4.8 63430.
 -4.6 87222.
 -4.4 50606.
 -4.2 81072.
 -4. 55363.
 -3.8 74067.
 -3.6 78939.
 -3.4 66056.
 -3.2 48789.
 -3. 54459.
 -2.8 75974.
 -2.6 43400.
 -2.4 68511.
 -2.2 89803.
 -2. 43732.
 -1.8 53515.
 -1.6 40620.
 -1.4 73392.
 -1.2 53871.
 -1. 39477.
 -0.8 56580.
 -0.6 80895.
 -0.4 66759.
 -0.2 51813.
 0. 143655.
 0.2 54078.
 0.4 60657.
 0.6 63147.
 0.8 75321.
 1. 38644.
 1.2 47602.
 1.4 38640.
 1.6 37564.
 1.8 38018.
 2. 54543.
 2.2 38253.
 2.4 65916.
 2.6 39136.
 2.8 76719.
 3. 62309.
 3.2 49933.
 3.4 94660.
 3.6 52483.
 3.8 83342.
 4. 60379.
 4.2 46152.
 4.4 94843.
 4.6 53532.
 4.8 83371.
 5. 78718.
 5.2 70407.
 5.4 90349.
 5.6 105888.
 5.8 79927.
 6. 67812.
 6.2 81866.
 6.4 76281.
 6.6 93492.
 6.8 73076.
 7. 63612.
 7.2 71469.
 7.4 104126.
 7.6 88948.
 7.8 88965.
 8. 86629.
 8.2 103788.
 8.4 85292.
 8.6 109938.
 8.8 107268.
 9. 98826.
 9.2 116376.
 9.4 108803.
 9.6 100531.
 9.8 81946.
 10. 97582.
 10.2 123902.
 10.4 101280.
 10.6 91804.
 10.8 135401.
 11. 134546.
 11.2 109939.
 11.4 115879.
 11.6 156080.
 11.8 148216.
 12. 152210.
 12.2 172739.
 12.4 161761.
 12.6 100644.
 12.8 151661.
 13. 197570.
 13.2 171076.
 13.4 124540.
 13.6 157546.
 13.8 112333.
 14. 164939.
 14.2 148664.
 14.4 127043.
 14.6 128726.
 14.8 118104.
 15. 184135.
 15.2 213991.
 15.4 124805.
 15.6 97923.
 15.8 125018.
 16. 101472.
 16.2 102864.
 16.4 108608.
 16.6 117883.
 16.8 90995.
 17. 99359.
 17.2 81532.
 17.4 121020.
 17.6 112285.
 17.8 119784.
 18. 66769.
 18.2 122181.
 18.4 32420.
 18.6 62529.
 18.8 120636.
 19. 56880.
 19.2 62520.
 19.4 32599.
 19.6 76549.
 19.8 65941.
 20. 47150.
 20.2 22368.
 20.4 47317.
 20.6 81202.
 20.8 10484.
 21. 54731.
 21.2 20420.
 21.4 27312.
 21.6 25089.
 21.8 17672.
 22. 27008.
 22.2 2166.
 22.4 7291.
 22.6 30167.
 22.8 35801.
 23. 1941.
 23.2 35954.
 23.4 1395.
 23.6 720.
 23.8 9919.
 24. 82.
 24.2 94.
 24.4 62.
 24.6 14425.
 24.8 68.
 25. 52.
 25.2 28.
 25.4 23.
 25.6 22.
 25.8 14953.
 26. 39806.
 26.2 26.
 26.4 20.
 26.6 11.
 26.8 13.
 27. 5.
 27.2 6.
 27.4 19876.
 27.6 4.
 27.8 0.
 28. 0.
 28.2 0.
 28.4 0.
 28.6 0.
 28.8 0.
 29. 0.
 29.2 0.
 29.4 0.
 29.6 0.
 29.8 0.
 30. 0.
