 -270.00001072883606 9.
 -252.00001001358032 18.
 -234.00000929832458 15.
 -216.00000858306885 21.
 -198.0000078678131 25.
 -180.00000715255737 24.
 -162.00000643730164 32.
 -144.0000057220459 48.
 -126.00000500679016 46.
 -108.00000429153442 64.
 -90.00000357627869 75.
 -72.00000286102295 91.
 -54.00000214576721 99.
 -36.000001430511475 86.
 -18.000000715255737 102.
 0. 229.
 18.000000715255737 144.
 36.000001430511475 121.
 54.00000214576721 133.
 72.00000286102295 143.
 90.00000357627869 105.
 108.00000429153442 111.
 126.00000500679016 96.
 144.0000057220459 77.
 162.00000643730164 52.
 180.00000715255737 55.
 198.0000078678131 35.
 216.00000858306885 31.
 234.00000929832458 27.
 252.00001001358032 14.
 270.00001072883606 8.
