 -270.00001072883606 62.
 -252.00001001358032 69.
 -234.00000929832458 62.
 -216.00000858306885 51.
 -198.0000078678131 64.
 -180.00000715255737 67.
 -162.00000643730164 70.
 -144.0000057220459 74.
 -126.00000500679016 72.
 -108.00000429153442 97.
 -90.00000357627869 96.
 -72.00000286102295 93.
 -54.00000214576721 97.
 -36.000001430511475 84.
 -18.000000715255737 100.
 0. 193.
 18.000000715255737 78.
 36.000001430511475 79.
 54.00000214576721 59.
 72.00000286102295 82.
 90.00000357627869 59.
 108.00000429153442 74.
 126.00000500679016 74.
 144.0000057220459 99.
 162.00000643730164 105.
 180.00000715255737 11.
 198.0000078678131 8.
 216.00000858306885 12.
 234.00000929832458 11.
 252.00001001358032 4.
 270.00001072883606 3.
