 -45. 0.
 -44.7 0.
 -44.4 0.
 -44.1 0.
 -43.8 0.
 -43.5 0.
 -43.2 0.
 -42.9 0.
 -42.6 0.
 -42.3 0.
 -42. 0.
 -41.7 3483.
 -41.4 6376.
 -41.1 21.
 -40.8 16.
 -40.5 18.
 -40.2 31.
 -39.9 39.
 -39.6 6124.
 -39.3 36.
 -39. 26.
 -38.7 38.
 -38.4 1977.
 -38.1 357.
 -37.8 6644.
 -37.5 8338.
 -37.2 232.
 -36.9 4968.
 -36.6 214.
 -36.3 6776.
 -36. 6036.
 -35.7 2563.
 -35.4 4333.
 -35.1 823.
 -34.8 10466.
 -34.5 703.
 -34.2 10841.
 -33.9 10446.
 -33.6 6469.
 -33.3 19745.
 -33. 6533.
 -32.7 15116.
 -32.4 13665.
 -32.1 15861.
 -31.8 5571.
 -31.5 15765.
 -31.2 21381.
 -30.9 19595.
 -30.6 30997.
 -30.3 21757.
 -30. 20954.
 -29.7 41617.
 -29.4 25162.
 -29.1 38005.
 -28.8 39529.
 -28.5 37939.
 -28.2 27473.
 -27.9 20622.
 -27.6 47112.
 -27.3 66484.
 -27. 29097.
 -26.7 36461.
 -26.4 31851.
 -26.1 63108.
 -25.8 39151.
 -25.5 36475.
 -25.2 60638.
 -24.9 49655.
 -24.6 38668.
 -24.3 66723.
 -24. 83985.
 -23.7 44098.
 -23.4 75252.
 -23.1 77476.
 -22.8 74585.
 -22.5 80246.
 -22.2 61911.
 -21.9 66117.
 -21.6 77875.
 -21.3 75476.
 -21. 109356.
 -20.7 69384.
 -20.4 66087.
 -20.1 69370.
 -19.8 80023.
 -19.5 79131.
 -19.2 74613.
 -18.9 62119.
 -18.6 85439.
 -18.3 90519.
 -18. 79551.
 -17.7 68793.
 -17.4 70022.
 -17.1 91201.
 -16.8 83145.
 -16.5 90848.
 -16.2 93255.
 -15.9 107661.
 -15.6 88588.
 -15.3 90288.
 -15. 89117.
 -14.7 72114.
 -14.4 88633.
 -14.1 76749.
 -13.8 77427.
 -13.5 105177.
 -13.2 87910.
 -12.9 83568.
 -12.6 81365.
 -12.3 84073.
 -12. 74731.
 -11.7 85978.
 -11.4 64684.
 -11.1 87106.
 -10.8 78500.
 -10.5 57641.
 -10.2 65629.
 -9.9 59817.
 -9.6 55029.
 -9.3 66918.
 -9. 60865.
 -8.7 58627.
 -8.4 80833.
 -8.1 54523.
 -7.8 61964.
 -7.5 60679.
 -7.2 57017.
 -6.9 58173.
 -6.6 48926.
 -6.3 46886.
 -6. 46410.
 -5.7 52043.
 -5.4 46836.
 -5.1 50998.
 -4.8 45791.
 -4.5 41328.
 -4.2 42644.
 -3.9 43066.
 -3.6 47812.
 -3.3 39861.
 -3. 40320.
 -2.7 42832.
 -2.4 39764.
 -2.1 39640.
 -1.8 38769.
 -1.5 43734.
 -1.2 53811.
 -0.9 38077.
 -0.6 41316.
 -0.3 42540.
 0. 82010.
 0.3 41451.
 0.6 45633.
 0.9 42217.
 1.2 42051.
 1.5 53774.
 1.8 39004.
 2.1 48896.
 2.4 51910.
 2.7 41896.
 3. 41580.
 3.3 44624.
 3.6 41568.
 3.9 41711.
 4.2 46177.
 4.5 45278.
 4.8 46608.
 5.1 48152.
 5.4 53992.
 5.7 45032.
 6. 50432.
 6.3 49245.
 6.6 48252.
 6.9 50334.
 7.2 63482.
 7.5 55069.
 7.8 60857.
 8.1 55525.
 8.4 59784.
 8.7 52972.
 9. 60237.
 9.3 61025.
 9.6 66246.
 9.9 73328.
 10.2 61396.
 10.5 71279.
 10.8 70585.
 11.1 65237.
 11.4 65998.
 11.7 70256.
 12. 68974.
 12.3 78441.
 12.6 76678.
 12.9 88518.
 13.2 87196.
 13.5 87257.
 13.8 79149.
 14.1 77445.
 14.4 78764.
 14.7 93800.
 15. 104855.
 15.3 100568.
 15.6 104677.
 15.9 73646.
 16.2 86238.
 16.5 74455.
 16.8 95830.
 17.1 69907.
 17.4 101268.
 17.7 101191.
 18. 90505.
 18.3 79501.
 18.6 95111.
 18.9 95926.
 19.2 96161.
 19.5 103238.
 19.8 76363.
 20.1 94973.
 20.4 59529.
 20.7 67343.
 21. 78003.
 21.3 111616.
 21.6 102916.
 21.9 68835.
 22.2 76429.
 22.5 76787.
 22.8 59299.
 23.1 50168.
 23.4 99953.
 23.7 49516.
 24. 57700.
 24.3 65046.
 24.6 49933.
 24.9 75773.
 25.2 60450.
 25.5 36637.
 25.8 68145.
 26.1 68284.
 26.4 32414.
 26.7 30482.
 27. 43271.
 27.3 68340.
 27.6 60727.
 27.9 34164.
 28.2 50458.
 28.5 38604.
 28.8 48789.
 29.1 26842.
 29.4 30477.
 29.7 34257.
 30. 21077.
 30.3 14233.
 30.6 30046.
 30.9 7183.
 31.2 25371.
 31.5 24185.
 31.8 36830.
 32.1 33886.
 32.4 18454.
 32.7 17785.
 33. 17120.
 33.3 10090.
 33.6 11308.
 33.9 5386.
 34.2 3920.
 34.5 11125.
 34.8 12614.
 35.1 7256.
 35.4 19263.
 35.7 14992.
 36. 476.
 36.3 482.
 36.6 2247.
 36.9 581.
 37.2 768.
 37.5 342.
 37.8 4786.
 38.1 365.
 38.4 144.
 38.7 131.
 39. 1910.
 39.3 3503.
 39.6 6505.
 39.9 171.
 40.2 188.
 40.5 258.
 40.8 293.
 41.1 9.
 41.4 7.
 41.7 2.
 42. 3.
 42.3 4.
 42.6 2.
 42.9 1.
 43.2 2.
 43.5 1.
 43.8 1.
 44.1 0.
 44.4 0.
 44.7 0.
 45. 0.
