 -45. 0.
 -44.7 0.
 -44.4 0.
 -44.1 0.
 -43.8 0.
 -43.5 0.
 -43.2 0.
 -42.9 4.
 -42.6 6013.
 -42.3 6.
 -42. 5.
 -41.7 9.
 -41.4 12.
 -41.1 10.
 -40.8 233.
 -40.5 180.
 -40.2 375.
 -39.9 439.
 -39.6 506.
 -39.3 564.
 -39. 4100.
 -38.7 406.
 -38.4 337.
 -38.1 330.
 -37.8 264.
 -37.5 272.
 -37.2 318.
 -36.9 622.
 -36.6 766.
 -36.3 8456.
 -36. 1265.
 -35.7 1094.
 -35.4 2639.
 -35.1 5305.
 -34.8 1949.
 -34.5 7324.
 -34.2 9118.
 -33.9 9691.
 -33.6 6959.
 -33.3 5303.
 -33. 12134.
 -32.7 9383.
 -32.4 8832.
 -32.1 7969.
 -31.8 20148.
 -31.5 5299.
 -31.2 34406.
 -30.9 16518.
 -30.6 24981.
 -30.3 24873.
 -30. 13095.
 -29.7 15434.
 -29.4 44886.
 -29.1 24880.
 -28.8 22863.
 -28.5 39617.
 -28.2 39631.
 -27.9 38459.
 -27.6 51331.
 -27.3 29720.
 -27. 49893.
 -26.7 48058.
 -26.4 41833.
 -26.1 43111.
 -25.8 72559.
 -25.5 62391.
 -25.2 53415.
 -24.9 66263.
 -24.6 60316.
 -24.3 56420.
 -24. 68799.
 -23.7 70811.
 -23.4 67043.
 -23.1 71167.
 -22.8 52605.
 -22.5 67262.
 -22.2 70404.
 -21.9 91072.
 -21.6 81805.
 -21.3 75135.
 -21. 91655.
 -20.7 70479.
 -20.4 83466.
 -20.1 86102.
 -19.8 86002.
 -19.5 86120.
 -19.2 78262.
 -18.9 73188.
 -18.6 94441.
 -18.3 89094.
 -18. 90084.
 -17.7 79463.
 -17.4 90549.
 -17.1 80597.
 -16.8 85914.
 -16.5 76134.
 -16.2 100872.
 -15.9 99757.
 -15.6 102927.
 -15.3 104489.
 -15. 75718.
 -14.7 71041.
 -14.4 97469.
 -14.1 109213.
 -13.8 95024.
 -13.5 82633.
 -13.2 76859.
 -12.9 91653.
 -12.6 85654.
 -12.3 71064.
 -12. 88419.
 -11.7 69258.
 -11.4 65143.
 -11.1 91050.
 -10.8 74714.
 -10.5 67190.
 -10.2 72099.
 -9.9 65256.
 -9.6 67681.
 -9.3 61290.
 -9. 58824.
 -8.7 59083.
 -8.4 54880.
 -8.1 51334.
 -7.8 51648.
 -7.5 61616.
 -7.2 61237.
 -6.9 60658.
 -6.6 54072.
 -6.3 54993.
 -6. 62206.
 -5.7 50474.
 -5.4 47998.
 -5.1 46130.
 -4.8 54693.
 -4.5 51897.
 -4.2 42665.
 -3.9 42060.
 -3.6 56247.
 -3.3 41892.
 -3. 47509.
 -2.7 42988.
 -2.4 42186.
 -2.1 43625.
 -1.8 47656.
 -1.5 38599.
 -1.2 38162.
 -0.9 49332.
 -0.6 38569.
 -0.3 41943.
 0. 77255.
 0.3 38365.
 0.6 45051.
 0.9 47544.
 1.2 43750.
 1.5 41021.
 1.8 40125.
 2.1 62120.
 2.4 40194.
 2.7 41395.
 3. 39734.
 3.3 47096.
 3.6 48107.
 3.9 47148.
 4.2 43639.
 4.5 50735.
 4.8 54798.
 5.1 47183.
 5.4 45896.
 5.7 48212.
 6. 47368.
 6.3 50731.
 6.6 56271.
 6.9 64503.
 7.2 50774.
 7.5 66520.
 7.8 63482.
 8.1 59819.
 8.4 60925.
 8.7 71200.
 9. 66918.
 9.3 72353.
 9.6 66044.
 9.9 60409.
 10.2 65814.
 10.5 72072.
 10.8 80081.
 11.1 66079.
 11.4 71935.
 11.7 72735.
 12. 68897.
 12.3 76135.
 12.6 90258.
 12.9 76032.
 13.2 81383.
 13.5 79526.
 13.8 68814.
 14.1 70391.
 14.4 106842.
 14.7 96618.
 15. 93566.
 15.3 96127.
 15.6 79510.
 15.9 82892.
 16.2 75192.
 16.5 86152.
 16.8 92258.
 17.1 89471.
 17.4 84811.
 17.7 70666.
 18. 119869.
 18.3 83737.
 18.6 63954.
 18.9 84776.
 19.2 70051.
 19.5 84476.
 19.8 91262.
 20.1 74947.
 20.4 89371.
 20.7 74292.
 21. 81575.
 21.3 76171.
 21.6 67156.
 21.9 77968.
 22.2 56435.
 22.5 59519.
 22.8 94672.
 23.1 89550.
 23.4 60359.
 23.7 72804.
 24. 50590.
 24.3 57711.
 24.6 56474.
 24.9 74970.
 25.2 58447.
 25.5 57348.
 25.8 46389.
 26.1 51061.
 26.4 50553.
 26.7 80390.
 27. 28994.
 27.3 35731.
 27.6 44539.
 27.9 39648.
 28.2 38719.
 28.5 34577.
 28.8 28832.
 29.1 44927.
 29.4 35711.
 29.7 9547.
 30. 31854.
 30.3 29388.
 30.6 20991.
 30.9 9735.
 31.2 35492.
 31.5 9535.
 31.8 12997.
 32.1 3853.
 32.4 17510.
 32.7 19474.
 33. 3570.
 33.3 14021.
 33.6 4360.
 33.9 6795.
 34.2 4806.
 34.5 1120.
 34.8 2432.
 35.1 8826.
 35.4 2535.
 35.7 968.
 36. 4597.
 36.3 8592.
 36.6 959.
 36.9 1244.
 37.2 1089.
 37.5 6786.
 37.8 7034.
 38.1 6848.
 38.4 6033.
 38.7 379.
 39. 147.
 39.3 2023.
 39.6 16.
 39.9 10.
 40.2 6.
 40.5 6.
 40.8 8.
 41.1 4.
 41.4 6.
 41.7 3.
 42. 3.
 42.3 3.
 42.6 3.
 42.9 1.
 43.2 0.
 43.5 0.
 43.8 0.
 44.1 0.
 44.4 0.
 44.7 0.
 45. 0.
