 1.7658331249310981
 0.47359903347797516
 -0.298634016681782
 -0.004102641011698438
 -1.34748922701813
 -0.564655057158193
 1.5659405865844453
 2.2828315903093825
 0.439793994434047
 0.0821792205480838
 -0.387718630162297
 1.1487717103827872
 -0.4164476373497852
 0.5712953987149332
 0.1708491940403256
 0.5739918546386722
 -2.206117162734473
 0.6763990197423997
 0.009858646593449372
 -0.4924696031997371
 -1.160716064300436
 -2.0404944714186026
 -0.32846683983805214
 1.152753694270169
 0.3305997015222726
 -0.8628101847257899
 -0.37414301454624166
 0.6040361177889624
 -0.1499579168866294
 0.5237216720604101
 0.1360901230233793
 -0.632185343248306
 -0.16361407650040682
 -0.6115731118312597
 0.036341269844469615
 1.1218941431429368
 0.08331176451605327
 -2.175751267593279
 0.3873699799166994
 -0.9773038614876874
 0.7276598102926455
 1.8834268416053206
 -0.09535399043093395
 0.880213653978128
 0.1208774674536226
 -0.07045802313504002
 0.7784676088557028
 -0.892332807890833
 -1.4753889354008791
 0.7395506099563507
 1.0952014558978576
 -0.1806582520183646
 -0.10284028621920704
 0.5723028066864417
 0.661257364170635
 1.0991339277866397
 0.834035055284148
 0.05633264527907489
 -0.6560268705740215
 -0.16661639641549542
 0.6018148938517829
 -1.514428526296764
 0.5647045429013353
 0.5125957603750724
 1.403805319169944
 -0.08501270272340555
 -0.7243241406424428
 -0.20762985925555544
 0.052956061374571206
 -0.13729591724473522
 0.22128664061385717
 -0.6334789192117212
 -1.202095095130157
 -0.6468847508325783
 -0.026392624381294638
 -0.48243217948361483
 -0.5891204484662644
 -0.44398817257088563
 1.7624960450254772
 0.42765097077747516
 -0.7490489319431779
 -0.4177681413124388
 -2.174375619632185
 -0.41417702941400236
 0.7919131924754357
 -1.7599766793521878
 0.7482280337109364
 0.03370497391902916
 -0.24295361825653128
 -2.2705918409110044
 0.6669608840093284
 -0.5169017865087477
 -0.5776948007894038
 -1.888098539728654
 0.5015081526886513
 0.7186372745478202
 0.048074125512641785
 -0.7908195067618253
 0.09532897217618341
 3.048742424647944
 -0.5651275051448312
 0.5956352460265553
 -0.9920186930715236
 0.9444028201627344
 -0.1817985879861137
 -0.27124827345630376
 -0.5193708184389187
 0.243576247983464
 -0.44428996456235037
 0.5543535431940816
 -4.841833293114691
 -1.0885824983405126
 3.1550765496406097
 0.4242291388742512
 -1.5223561180725564
 -0.2907678089042536
 0.3351970453922508
 -0.1750657241765321
 0.5064420085491124
 -0.22930852264244095
 0.3587948287248599
 2.1248476187774745
 0.951235179969502
 1.6367997125804123
 -1.5961216919863235
 -0.21111277115705196
 -1.6041069957604837
 0.6934073472613713
 0.14965007463987767
 -1.2373437661332565
 -1.6100748515917012
 -0.6673141902547943
 0.683214987549631
 0.22588738448373924
 -1.280744988905786
 0.35102649294456345
 -0.17419826020106566
 -0.5696580170166996
 0.6233663572422659
 -2.209971074625477
 1.3405641529585264
 0.15228129856546158
 -1.4343702165609677
 0.30718414218450985
 -1.4483587681653445
 -0.2882345369758994
 1.6650746157807434
 -0.08072683884461807
 0.8266109354941165
 -0.41449967740487725
 -0.06535919127924483
 -1.4110688572199752
 -0.4820814834935332
 -1.1806766717359114
 -1.1110531937049979
 0.13783961897390018
 0.3726907883318553
 0.18304352169544647
 -0.9097259833989204
 0.9739104753282009
 0.42587941882757807
 0.8605673105337646
 1.8900255374186967
 1.3788825598748078
 -1.2713069091727132
 0.28978855867649056
 -0.42070318922942995
 0.33605458136799804
 -0.11518785386999397
 0.2293698243852491
 0.25438209567785375
 0.36246667662101295
 -0.24627670616254793
 0.7642786572569937
 0.08574728444717206
 2.083187115955714
 -1.3672107144603682
 -2.5603967127147627
 1.5537748269285165
 0.9680778594931585
 -0.21153139514521246
 -0.26833889753858653
 -1.9650914975511444
 -0.15299239680080845
 -0.3906631900790192
 -1.36661628247718
 -1.282467820857061
 1.1954541890625165
 0.36200002863421066
 -0.10456254217049832
 1.5034819483508963
 0.6146357334891848
 -0.210272091180828
 -1.1002053380117962
 -1.2640455573780782
 -1.3582158747147597
 -0.07598505497872488
 -0.6741426700616717
 0.22660864046334073
 -1.3547870908117323
 -0.6600536704601359
 0.9097720531421594
 -0.36183285489439676
 -0.14944933290101314
 0.25723702359711087
 0.46268500178664507
 -1.5603026289993558
 -0.1507339568646815
 -0.07448923902102944
 0.03927150976159677
 -1.1241354813350055
 -0.5423318897895353
 0.7946182083989326
 -0.8999118476764831
 -0.583213192633333
 0.6984481871188066
 -0.0913527345440972
 -1.5001891986994798
 -1.2596095335035375
 0.22437616052647957
 -0.45872482815410454
 2.246402652629223
 0.41129484324005805
 -1.5604825009942687
 1.7396808696707344
 1.9856828707133225
 -1.639078994771408
 1.1216333831503116
 0.31477482196983075
 2.884470989293858
 1.2095218046646572
 0.4838427131882641
 0.6010685738728903
 -0.9339308067143612
 0.7674634411669219
 0.9329641804862412
 -1.6065142916924007
 1.9526140876485716
 0.5537411992113999
 -0.11906798176025646
 -0.7020951732711209
 0.9682930834870715
 -1.2262117824480905
 -1.6582442102293786
 -0.39443150197244403
 1.6363634965927494
 1.1030733516752251
 1.0491359452006792
 -0.20759825125644937
 -0.40068622179554847
 -0.7806496510494485
 -1.5306955658367007
 1.6657654797612045
 1.2525277234483667
 0.39198743578610884
 -1.0921745222389232
 -1.218661150661637
 -0.6645051343342399
 -0.13573619728884712
 0.04466162960915376
 0.9507327559837115
 -0.5815885206792819
 0.7906223845119422
 -0.4522451563373622
 -1.5392017415961297
 -1.0500268594309405
 0.9970364266741543
 1.9241132724546297
 1.1987112129704016
 0.5271520159633933
 1.0146731621753533
 -0.03366401617564563
 -0.605587832000535
 -0.7782645631169034
 -0.5985996561981741
 -0.20068001945211034
 -0.6097692878822754
 -1.0923125542350194
 0.030740214002878297
 -0.696857797419244
 -0.03483553614251278
 -1.0106485485446353
 -0.7055239091741496
 -0.9653247258264805
 0.3860191079549047
 -1.5363336856772438
 0.3837116440201642
 -0.43639888478552535
 -0.5426675057800434
 0.014501878462129802
 -0.7829165309853368
 0.6786893076776259
 -0.924228718988755
 -1.2808030689041434
 -1.6293942990453099
 0.43449209858399485
 -1.3189064758265054
 0.028097966077606173
 0.1438952268026359
 -0.05160499966823995
 0.19083600147506008
 0.375247060259559
 -0.11177026996664985
 0.2342125522482874
 1.8282545231657004
 1.1136619273757598
 0.6912514353223447
 0.2144360008076065
 -0.12100634970543567
 0.13820318696361777
 -1.1318983291154572
 0.6346120449242161
 -1.0637834510418775
 -0.9957303009665521
 0.4659338176947623
 1.3861251756699726
 -3.5116042538127754
 -0.21222878712548887
 -1.4240868808518004
 0.009342750608039907
 1.7204519582145652
 0.4623478097961815
 1.2836750345674606
 0.7294901622408796
 -0.2926454728511496
 1.52705198768429
 0.4827269692198195
 -0.45648419621747394
 -0.31456880023111555
 0.33012608553566736
 0.10160251599875547
 -0.5648688411521468
 -0.5354414775039881
 -0.5344907940112966
 -1.0977256660819261
 1.3988115513111774
 -0.4007014857951168
 -3.1744158713491144
 -1.8699767082411745
 0.1680527941194132
 -0.2636017856725612
 1.4902666527246504
 1.263490683138313
 0.5934720540877345
 0.043092525653531055
 0.7806945927927194
 -1.7396626959267065
 1.0773494564027466
 -1.535297045706562
 0.39603383567166883
 -0.7704004113393168
 -0.8407807693488243
 -0.5363202819595552
 2.10199361142383
 0.19877078525064906
 -1.4026564094578955
 -1.5108168783989084
 -0.9805372053962422
 -1.1158741375686523
 -0.013328864750763003
 -0.2571179618559363
 -1.7733885029728755
 0.0024718628023618905
 1.2218317643165078
 0.4362165625352237
 2.0492912529143545
 -0.1450546210253041
 -0.009085992870759618
 1.327490201328283
 -0.35868627098338823
 0.017879022366617647
 -0.6227686715146277
 0.7022697790107246
 -0.6055333360020763
 1.9546879995899173
 3.0802658957563995
 1.0379487135170757
 0.76569912921682
 0.9679966434954554
 0.21586992876705224
 0.7731160650070548
 0.4067536833684908
 -1.0774805306544977
 1.4072203750733596
 -0.2110233631595806
 1.0300503137404577
 0.9639089876110623
 -0.0004951291137258451
 1.0682928246588856
 0.023958830194668934
 -0.4088703175640864
 -1.016986636365382
 1.1039494556504472
 0.6350887569107337
 -0.1664774924194239
 -0.7061483731564886
 0.6254685891828107
 -1.002765860767573
 0.7139455706805107
 0.4875721690827879
 -0.2684596015351728
 0.0010181428434759
 -1.5539209251798427
 -0.7642596435129896
 -2.7132863403907486
 0.28364858285014094
 1.3274111133305198
 0.8058770560805106
 0.490625952996421
 -0.3618919268927261
 -0.0011067930964268058
 0.4436046503262743
 1.5556097068766226
 -0.3378565275724936
 -0.046656167808202476
 -0.37648715847994474
 0.4723853215123013
 -0.21192465113409042
 0.3967458116515328
 0.27109070320530204
 1.4729170852153297
 -0.3224831120072835
 -0.24844261010129198
 0.6231828852474548
 -0.5332213460471991
 -0.5060547708155223
 0.1461289067394631
 -0.49152264322651895
 -0.8409278253446653
 0.407235787354856
 -0.07822785491529416
 0.1549582184897531
 0.9240051647396195
 1.1882631812658921
 1.7247185660938973
 -0.7532946518231007
 0.027790726086295514
 -0.7530324198305172
 0.15622754645385406
 0.5507530792959097
 -0.9588635020092164
 -0.4187459172847854
 -0.7443025800774139
 3.6214710381484414
 -1.4340307845705675
 0.20991143293557002
 1.098433151806459
 1.8722312259219542
 1.0378545375197392
 -1.0105364525478056
 -1.4615801277914189
 -0.2775039692793806
 1.8093634916999752
 -2.719153924224802
 -2.8864863594923174
 -0.9195124791221394
 0.08779820438916808
 -0.01653960865995696
 -1.2853076607767449
 -0.3380507515670006
 0.5676496548180419
 0.6415987967266172
 -0.5851847845775726
 0.5730830706643744
 -1.5394657015886644
 -1.1033187619237426
 -1.4116179852044448
 0.49272442493707214
 -0.1306267734333515
 0.6915975153125569
 0.7130881947047589
 0.14097302688528135
 1.1317230788649555
 -0.3631517988570945
 0.5251315760205353
 1.577055434270096
 -1.17526195988905
 -2.392883293452366
 -1.8348960372333236
 -0.47650246765131854
 0.3043748942639608
 0.24476293594990217
 0.49639284083332225
 0.7614847213360116
 0.564241606914428
 0.7510276576317576
 0.6784513396843561
 0.9903381708635939
 -0.27088418546660087
 1.0699975206106735
 0.5539880792044176
 -0.09199478252593885
 0.10548456388896366
 1.130416574901906
 1.7574409651684446
 1.0628729288121708
 0.601496701860782
 1.507969876223969
 -0.035422664125907666
 -0.8766300323349379
 -0.46178129206766183
 1.7917894281970037
 -0.036734864088796115
 0.32523219767407596
 -1.52933960587505
 -0.15367026078163715
 -0.3625685348735903
 -0.03656047209372826
 0.16844002610846154
 -0.8990525997007843
 -0.7359627803132796
 -1.0588803871805457
 0.5852033583215892
 0.15591490646269612
 1.0082518023569618
 -0.8269279137406098
 2.0457668850140305
 0.7620569053198292
 -0.08487736672723312
 -0.7296723644911847
 -0.007326640920517491
 2.242180079459086
 1.570581970453178
 0.875096430122853
 -1.1307900411468017
 -0.08922687060422074
 0.25565777564177505
 0.8925949736279604
 0.11883571551136729
 0.6428213806920402
 0.2388636881167443
 0.20111780118427092
 -1.7496039596455484
 -0.35069791920931426
 -1.4470947122010944
 -1.013004724477998
 -1.61586339542799
 -1.53327179776384
 -1.2266304704362492
 0.1391158429378061
 0.04274074966347996
 0.5008805767064004
 -0.4713932037958184
 -0.526693858231809
 -0.36126398291048556
 0.722147122448555
 0.23513912022208228
 -1.2715820851649307
 -0.618035991648477
 -0.02780635234131168
 -0.39335058200301454
 0.29082752664710654
 1.0733675125153637
 -0.04107329596609688
 5.459136473528922
 -0.4386131807229008
 -0.2868302170156163
 0.12233785141232012
 -0.9963498129490311
 -1.9020180753349827
 0.8422596550515404
 2.176999025302532
 0.7120752347334074
 1.5785182662287243
 1.0433836813633643
 -1.8700549242389624
 -0.8913028399199625
 -0.5977260722228808
 0.5566820791282261
 0.7384881299863997
 -0.2565119058730767
 2.405877522829406
 0.037650949807429335
 -0.23984154634454669
 0.6009248538769549
 0.05250765338725305
 -3.243902325383903
 -0.28658518502254626
 -0.19265775567899546
 2.7530862730096715
 -1.0447309395807194
 -0.2705716814754391
 -0.7014816052884738
 0.4076118113442213
 0.03244306995471824
 1.0091485623315997
 0.8005272722318129
 0.6174197574104472
 -0.9956239969695586
 -1.9199423628280492
 -0.050788423691334295
 0.07159028484755936
 1.6936661109721207
 -0.8474793291593761
 -0.7063457731509057
 0.8225637916085775
 0.2394580320999351
 -1.3513371309093039
 1.386558303657723
 -0.4085559095729785
 0.07231719682700088
 -0.8516090090425807
 -0.9294069268423053
 -1.5962096599838356
 -1.2871390607249493
 1.2566210513325995
 0.3447801331212226
 0.1963228573198812
 -0.17042341230782565
 -0.7809612990406345
 0.839596767126852
 -0.37224666259987416
 1.0451424253136237
 0.856668374644034
 -1.6364977948444093
 0.7373126100196457
 -1.5370423016572028
 -0.7516931638683939
 0.6089311816505205
 0.24698723988699456
 -0.839458841386211
 0.6843928355163191
 0.9504299239922762
 -0.14230061310319275
 0.7095473068049021
 0.45985688986662954
 -1.2574355655650216
 -0.38807810215213046
 0.17289096998258024
 0.5749042146128689
 0.9233226047589236
 0.8296665354076982
 0.42710224279299425
 1.0837382482220592
 0.8112395359288493
 -0.4400680206817551
 1.9204614005579117
 1.5716564824227888
 0.39132346780488714
 0.04701450154261
 1.3956401674008703
 1.7391796616849096
 1.4129718149106978
 2.0558567247286703
 0.3913516678040896
 0.23917284010800088
 -0.8771252883209311
 -0.745564796041716
 -0.2811670171757825
 0.572239718688226
 -1.1875596155412484
 0.2304826803537754
 0.5115097124057879
 1.336080881085322
 -1.4319956646281247
 -0.6570646785446703
 -0.841143553338564
 -1.5513925732513494
 0.43488080257300155
 -0.4798083315578223
 1.0032689944978852
 -1.0683627069123673
 0.19915428923980283
 -0.3649713348056345
 -0.525008898279463
 2.5181672399658876
 -0.7758608831848841
 0.13542370704222684
 -0.8638802406955266
 0.6615542041622398
 -1.0356608918372379
 -1.9670131694967958
 1.5086615002044086
 -1.1394497689018879
 1.1271318709948037
 -0.24654401815498783
 -0.9008866236489146
 0.9635505876211985
 1.279902610674152
 0.1318147791442943
 -0.9200378791072801
 0.6256228771784471
 -0.17609430814744176
 -0.9836368213085791
 0.8447413349813537
 0.42346514689585835
 1.4010750312471618
 -0.8974954557448234
 -0.2046182913407284
 -1.177216311833777
 0.8164966237801687
 1.4127772149162015
 0.1754133059112437
 -0.016765688653562982
 -0.23728784241677037
 0.04752686952811924
 1.155005206206492
 -0.06493076729136149
 -0.11026322200927208
 -1.4990202867325388
 -0.39899905384326484
 0.01996626230758647
 0.04165793369410409
 0.5569889831195463
 -0.4092155815543217
 0.6107047016003619
 -0.2849839530678322
 0.4525784180724788
 0.5040862646157374
 1.38888427159194
 -1.8578479405841994
 0.334766941404415
 1.5639326506412337
 -0.3388619755440576
 0.5234670720676107
 -0.9812918933748982
 -0.8796752402488135
 0.18475144964714296
 -0.6889914776417188
 -1.132404521101141
 1.391419887520228
 0.15938745036448587
 1.7320801578856972
 -0.9209707190808976
 1.9206313525531051
 -0.7395926362106202
 1.3284547213010045
 -0.5595733293019141
 0.91188398108243
 0.7947074323964092
 1.965466023285094
 1.2224650522985971
 2.2697972226780196
 2.0385734132174758
 -0.018624248600999316
 0.5178577042262544
 1.8195706994112957
 1.2227388202908545
 -0.5064370988047093
 1.088471032088207
 1.6001015536183072
 -1.0559793072625938
 0.55668087912826
 0.44144620238731935
 -1.3026593962860042
 -1.0485857554716977
 -0.16857103636021442
 1.0878521121057112
 1.6675534317106377
 -1.4896268869982023
 -1.3106321720605187
 -0.6094055678925621
 0.9288737486019265
 1.4848503968778326
 2.368292179892392
 -0.3966343899101421
 -0.7129517089640771
 -0.9528380701796273
 -0.08361839876283916
 -0.040725815975924284
 1.6584285679687065
 -2.5023785543556283
 -2.1595541960513636
 0.39885945959175473
 -0.6550229026024157
 0.4237324188882994
 -1.130964665141863
 -0.36583775878113034
 0.40650713937546357
 0.24154178404100257
 0.8648704784120627
 -1.224545470495217
 3.006512041842301
 0.430280146703117
 -0.3915806300530722
 0.2253919604977508
 4.84256037024854
 0.941140748254992
 -1.5701605487205548
 -0.06947866316273821
 -0.41421950941280095
 1.6387904485241105
 1.055921201008779
 -1.0481151874850063
 1.12451336706886
 -1.3611227626325473
 -0.641103686996078
 0.15583585846493175
 -0.3779195664394335
 -0.7192222927867329
 -0.4128582294513006
 -0.0692874071681473
 -0.1314345254105067
 -0.08287893478375263
 -0.1147414298826197
 -0.8593518328235987
 -0.32926298381553565
 1.024998489883333
 -0.1851404598915991
 1.2108304446276463
 -0.4437453005777545
 0.6337565169484121
 -0.07998925486547837
 -0.18992289975634247
 -0.17929880405681242
 -0.1819789719810121
 0.09645600414430877
 -0.7148130689114343
 0.05475483732369835
 0.6820993155811843
 -0.18931246777360666
 -0.5050664748434732
 1.883058361615742
 1.5632920586593508
 -0.35151369518624254
 0.4096000032879914
 0.06557958901755345
 -1.0995128260313818
 -0.87237529645527
 0.8841279018674255
 0.5427987995208721
 -0.044694527863681444
 -0.24435558621688092
 -0.4721484277744592
 0.6592274682280443
 1.5778701782470534
 0.9276928846353236
 -1.1798138877603126
 1.498214780499862
 0.7027426269973516
 1.4950238685901072
 1.0572572809709921
 -0.786686810878706
 0.2223940565825373
 -0.764565971504326
 0.6250577251944307
 -0.11818272578529321
 -0.44677768449199284
 0.15418345051166504
 -0.523003058336192
 0.09232008426128058
 -1.2759357970417993
 -0.8430309772851841
 -0.20154781942756728
 0.01152572654630113
 -0.0019405290728471414
 2.0146057498953276
 -0.571508264964371
 -0.8554935449327186
 -0.9770688454943341
 0.436857490517097
 -0.32101790404872244
 -1.148751112638828
 -1.6363768748478291
 -0.051509087670952525
 2.004545958179838
 0.6427821646931493
 0.5497800233234296
 -0.44789363646043157
 -0.8282494337032347
 -0.526639090233358
 -0.665235774313576
 -0.27070402547169614
 -0.8221917778745569
 -0.18335006794223485
 0.4602770738547459
 -0.25015121805296925
 0.9358392124049297
 -0.8081613142713655
 0.1915825694539457
 2.4101228507093397
 0.9564781318212212
 -0.6938473415043855
 0.4619720578068085
 1.0792634723486145
 -2.312692799720308
 1.222345684301973
 0.33273957346175287
 1.7866937163411203
 -0.8324569055842392
 -0.3498087912344605
 0.31951542183575743
 1.3506022646746292
 -1.0608926911236338
 1.272468818884394
 -0.5031973868963346
 0.8630693824630011
 3.5326508581481226
 1.930464560275003
 -0.1734314122227536
 -0.8381488094232612
 -2.031421559675202
 0.812339967897727
 2.1901791849297716
 -0.8581099288587222
 -0.6764933899951888
 -0.3526751511533943
 0.9325213804987644
 -0.20765307525489884
 1.0734622725126837
 0.7247563943747597
 -0.27768896927414843
 0.2210721526199233
 0.890172165696482
 -0.7851283309227828
 -0.001381785088649501
 -1.7827294947086942
 -1.9574710737666647
 -1.4642049357171842
 1.5094188521829892
 -1.1781532238072794
 0.6497847004951041
 0.28266535087794864
 -0.3020535285850716
 -1.5135726303209704
 -0.6217948075421704
 -1.0684445229100534
 0.34531714110603495
 0.429587442722708
 -0.45954973213077466
 -0.4468099324910808
 -0.7428926921172883
 -0.8348447215167072
 -0.38197915832462037
 0.22743941643984478
 0.6345989889245853
 1.4347529342946856
 1.6560075760371769
 -1.3377207472944015
 1.1869776133022505
 0.42787361077117847
 -0.4436090765816072
 1.2535588914192033
 0.040645981722724045
 1.1203668951861303
 0.4234152748972688
 0.0397073417492706
 -1.2130262148210038
 0.05983230918009763
 -1.1359814649999782
 -0.8357638254907132
 0.6579274522648113
 -0.22097531487812017
 0.7877689125926439
 -0.4372246367621715
 1.189287021236936
 0.4287969867450636
 0.20306688912914694
 0.2975272784576246
 -0.47978162755857756
 0.163273354254585
 -0.5435777057543012
 -0.39274227802021855
 0.09149092428473082
 0.5606578230157844
 0.05391426134747146
 -0.8235829218352126
 -0.45578834823715386
 -1.8182746457034087
 -0.568499417049467
 0.813086663876609
 -1.2568036695828928
 -0.6868225657030598
 1.253924435408865
 1.3331453211683453
 -0.15144373284460766
 -0.35328310313620026
 -0.06424471131076448
 0.9165590049502113
 -0.5909842964135512
 -0.937739254606651
 -0.9923727810615093
 -0.3889699341269077
 0.5956144780271426
 -2.173263859663628
 0.6824260915719425
 -0.8541880489696405
 -0.9606384379590178
 0.23874916011998337
 -0.24165380229329259
 -0.6350040071685887
 -0.7557060917549006
 -0.46039603610683955
 0.06305178108904474
 -0.9102400233843824
 0.482726881219822
 -0.8907202479364393
 0.5179499442236457
 0.26812205528926114
 0.02870434206045669
 1.3959074713933104
 1.4744197891728303
 0.11889642750965024
 -0.6030241680730404
 0.47489622544128807
 1.4506356218454926
 -0.7773057471440206
 -0.40451662968721713
 -1.3262152113357895
 0.9696608834483875
 0.28875624670568634
 0.21627468875560485
 0.41765561106016325
 -1.1256842412912036
 0.18897432152771199
 0.8194660796961868
 -0.20683897927792305
 -0.16110015657150534
 1.6490821202330421
 -0.8016722264548894
 0.5108501124244427
 0.9553363318535135
 0.07904436463674358
 2.000790278286056
 -0.05444887958780953
 -0.39559662993949196
 -0.30772319242472257
 -1.309699556086895
 0.9959049387061549
 1.233427571988556
 1.0102132983014869
 2.8387173985878578
 1.5879121059630483
 -2.552362840941976
 -1.3756102822228122
 0.3763950442270918
 0.03892466977140607
 -0.9194762631231637
 1.152244822284561
 0.6207547653161267
 -0.6203778475822448
 0.900553389402881
 1.5803027941782544
 0.34192042920210053
 2.538767023071034
 2.2446701273886625
 -0.14892937291571862
 0.6368388688612372
 -1.6697925779027685
 -2.3166532556082986
 -2.095670677858113
 1.8624080421997729
 -0.24005599433848168
 -0.963329301882915
 -0.34806961528364777
 0.3203267738128108
 -0.30268159256730875
 -0.5134065706075992
 2.3640743160116813
 0.2534391597045218
 0.135766995032518
 -0.35119421519527805
 -0.04189873594275184
 -0.3550013750876042
 1.4282243104793277
 -1.0026554127706966
 0.3645010765634762
 0.11684099556778182
 0.874102366150967
 -1.0578210832105048
 -1.0190464523071263
 0.2074312250057151
 -0.2767242733014319
 -0.08132290282776022
 0.9933766587776596
 -1.0603185151398726
 -0.9688701097262102
 1.8534909544519653
 0.5870038062706691
 -0.3020042085864665
 0.4352218985633547
 -0.23112840259097123
 -0.782204795005466
 0.8436103350133406
 -1.1205375774367612
 0.43335560261613715
 -0.0946599344505632
 -0.9889312531588423
 -0.7022305492672922
 0.9579295397801726
 -1.92632591464751
 -1.0532105313409001
 -0.34524360736357274
 1.3292525532784403
 0.7916358484832795
 -1.650859554438231
 -0.9998709728494459
 -1.2548472056382254
 -0.045646055836770394
 0.6107887655979845
 -1.5928626200784963
 0.07422130077314915
 -0.05547124755889499
 -0.06187534337777478
 0.7757570569323624
 0.9946954427403618
 -1.2851647807807858
 1.5069738522521385
 0.1733784099687945
 -0.7163660208675138
 1.2910688423583494
 -0.9478947583194337
 -0.863358552710281
 -1.566940708811618
 -2.0258667198323037
 -0.11943790974979418
 0.8860112138141618
 1.158412894110116
 -0.6285468633512092
 -0.7334622446213234
