 0.5364287037010307
 -1.7893722785208235
 -0.04929029573370425
 1.4873713168065361
 0.35807935674509483
 -0.5279415781965211
 0.025543534149850444
 1.001575090545792
 2.2879337261650843
 0.20233450514986018
 0.9703785794280897
 -0.1526542848103709
 0.04430214161932078
 -0.3711087586320563
 0.30760255817267623
 -0.8854370240858591
 -0.33930621553149365
 -0.6584554465053367
 1.0429164413765788
 1.5284891396436446
 -0.273250249399684
 -0.8295988416650708
 1.5256583557237047
 1.2348590759480702
 3.2065182041857403
 -1.6159823634246253
 0.8966727335126334
 2.968699274911719
 0.08454915648105743
 0.2994954784019601
 0.49172452096535135
 -0.5430911297680625
 0.5511419512849116
 -1.3552146747996394
 0.8828127739046199
 2.1273981147053416
 -1.9028581553112236
 -1.6155374194372092
 -0.09036831857193839
 0.9550332118620863
 0.7067772268832453
 -0.4737215317299688
 -0.5516190015268778
 -1.8025486781481694
 -1.2004609351763742
 2.1365810744456297
 -0.5913919204020228
 0.5902136221798893
 -0.013880048735174455
 -1.5368974376612998
 0.2963131184919634
 -1.0197513962871891
 1.868504578027351
 2.535580359161159
 0.24699122388688188
 -0.39898055784378794
 1.3897260555681328
 0.2917674706205231
 0.606550845717841
 0.07804433266502642
 -0.4991417710110353
 -0.5070164587883239
 2.508205143935383
 0.140471234899473
 -1.367718114446018
 1.9882819986398141
 -1.1262197132760594
 1.8831587296129033
 1.260205051231237
 -0.13285146137043302
 0.4034148034629208
 0.08137247657090008
 0.8332786313055411
 -1.0075787326314556
 -0.5456444576958495
 0.6258991491706336
 0.47503816143727384
 -1.496857454793708
 -0.3191024801028943
 0.16085046632310895
 0.1462821067351303
 0.1398406589173069
 0.8306554313797303
 1.5356712834405197
 0.6482266285391693
 -0.8076442502859891
 -0.1585413726438727
 0.5126102083746638
 -0.12075626171250864
 0.023968190194404215
 0.294224342551038
 -0.5071993947831501
 0.03641383784241725
 -1.6397832347514907
 -0.012995176760200344
 -1.4964418628054617
 0.8658461503844688
 0.5301499198786068
 0.7050244749328165
 0.415898667109853
 -0.033134624190617856
 -1.781578558741245
 -0.18854421179533443
 0.15672983443964839
 -0.0017432170784275058
 0.7440070738303133
 -1.4770861673528781
 -0.11779050179638606
 1.2904083063770306
 -0.9812876453750183
 -4.230364631616896
 0.5983169259507122
 0.27880426298714767
 1.1367885347216946
 -2.404290605129745
 -2.1131884773626757
 0.8193046237007531
 -0.06431872730867116
 1.8497085065589403
 -0.4050748216714304
 -0.19863065151007042
 -0.7834813789693618
 1.3474822727628686
 -1.044153691597045
 2.5512320387184992
 -0.5073539947787777
 0.484771473161997
 1.268071491008759
 -1.5499123572932128
 0.42379235488660427
 -0.5186243224600311
 -0.6567588785533189
 -0.6003614001483486
 -1.0870691943833117
 0.855533798676122
 0.2638967194087618
 -0.05230569564842291
 1.0388454734917136
 -0.7352935483322067
 1.1617032860170573
 -1.2538132776674669
 0.009698590597976064
 -1.1462562967093861
 -0.20083315544777935
 1.0529894970916933
 -0.03595983211071552
 0.31370518200008224
 0.325982781652848
 -0.7794833630824334
 -1.3244155156706992
 -1.6135701474928474
 -0.5849734245835503
 0.881081485953584
 0.12877286723032544
 2.418774018464668
 -0.011504976802346079
 -0.03749561606728058
 0.3788909481565028
 -0.499368923004611
 1.869604577996241
 -1.2960694124723817
 0.41571267511511323
 0.9809174751300294
 -1.6985173690903759
 -1.8493898848234096
 -1.2424012219902218
 -1.4850105991287599
 0.6531672923994378
 0.13165979514867754
 1.409424135011033
 2.224453343960432
 0.6008371818794345
 -1.4725552874810202
 -1.614312259471859
 0.5570518711177677
 -1.245957301889649
 -0.7762787311730666
 -2.048601111189331
 0.3415327652130644
 -0.38163424633437515
 -0.4473666444753359
 -2.4376294361868585
 -2.916639406639531
 -0.3964678459148523
 0.4135236671770226
 1.2225295242967738
 -0.2987372326788629
 1.3701110801228822
 0.3483332850207326
 -0.516842586510422
 -0.3804939023666263
 0.48137394525808563
 0.05434964533515796
 1.3110539057931332
 -1.4072116893290634
 1.6565843200208654
 -1.1353882250167562
 0.4105653152606905
 -0.05449235958657983
 -1.0910652982702942
 -0.5966961522520089
 0.43508239456730013
 0.9711813234053865
 -0.9402242945363692
 1.141367662592188
 1.300272154098062
 -1.3279704115701598
 -0.025220544414443324
 -1.9029976353072788
 2.0783532360924255
 0.10204814798615214
 -0.3632996948529117
 -2.238096761830028
 0.3363421973598637
 0.045819645576402834
 -0.47776717961555004
 1.3766049679392225
 -0.594595904311408
 -1.9609888736671746
 -0.2736550173882364
 -0.4688412278679932
 6.115816791954365
 -0.4822869314877227
 0.4208942909685671
 0.5017928486805996
 0.13629139501768694
 0.6456696526114856
 0.22514696850467963
 0.9559135558371885
 0.5455717994424463
 -0.9848446772744186
 -1.9998202645689478
 0.23464267223612278
 0.8785809260243047
 -0.07314331905909466
 0.7576723134438339
 2.3157666053779167
 -1.0960557301291551
 -2.184335123350511
 -1.0474420435040441
 2.148101986119796
 -0.9611303819451047
 -0.3926729180221802
 -0.3572025590253505
 0.4158936431099951
 0.5389487756297582
 -0.5693387770257283
 -0.17659467613329038
 -1.1509466965767325
 0.9637582196153263
 -1.1163952335539147
 -0.40586738964901503
 -1.9573239457708258
 0.8853106138339761
 0.275436199082403
 0.2950024305290322
 2.4268002902376695
 0.12918780321859025
 -1.3225921717222668
 0.15967609835632235
 0.023787470199515326
 -0.5016453869402282
 -3.162252927693106
 -0.03492563213996469
 -0.8560522089169185
 -1.004514604718115
 0.056842437264656986
 -0.6849781977552221
 -1.4304870966707899
 -0.7173866208386492
 -0.22083670688204027
 0.5958090460216399
 -1.2414003580185282
 0.5037758726245158
 0.04046289372790213
 0.19248728942835847
 1.3033420580112391
 -0.2744959453644533
 0.20638273703536836
 0.1110666277310921
 -1.3343480193897888
 -0.8635442087050302
 1.190123317213284
 1.5670144185540753
 -0.554025585458815
 -0.5785731687645619
 0.6526340764145182
 1.1213660311578728
 -0.09450984645480798
 1.026460025841998
 0.8196298796915542
 1.9485240317642463
 0.1291593872193939
 -1.1450360967438957
 -1.27100010918139
 -1.7687823751031457
 -1.1258861692854927
 -0.34568121535119634
 -0.13583749328598227
 1.2638166591290938
 -0.42788542102630256
 0.8032357921552107
 -0.16086178057824707
 1.2504440115072981
 -1.4008512575089487
 2.286026222219032
 0.5247678480308222
 0.010477054575959599
 -0.6412529029918579
 1.4675227013678933
 0.07430846877068387
 -0.8307210976333312
 1.1614145340252238
 -2.5513872969695663
 -1.5616510129612209
 -1.3788920901299964
 0.7748345449584528
 -0.4421080686240586
 -0.6298216953151545
 -1.153266360511128
 0.05460724532787253
 -0.5200954264184254
 0.25289546371989857
 -1.0995284580309397
 0.39435655571910555
 0.24821699985221457
 1.5255244917274906
 1.7186148862665211
 -0.19108959572334605
 0.9163545329559941
 -0.7780139711239906
 0.15394062651853258
 -4.6709775931054
 1.0737422805047645
 -0.8998371916785946
 0.1583724263931927
 -1.095836834135346
 -0.5755979528487067
 0.14175689886311194
 1.57352477036995
 0.05322986136682761
 -0.9658819738107205
 0.06655606098993694
 -0.27575430532886447
 -1.513131094333458
 -0.5767523848160572
 0.379286388145319
 1.0121076902479098
 -0.8298827856570403
 1.578165226238709
 1.1407451906097927
 0.7505613216449465
 1.214000924537979
 -0.6532875586514946
 -0.1147855498813719
 -1.0010530208160153
 -0.4798229075574101
 0.7281423782789975
 0.8958937095346657
 0.2764159350546942
 -0.569969545007889
 -1.6631466420907284
 0.331466813497749
 -0.17185462026734832
 -0.07554446299118567
 1.0905296800299844
 0.7921257044694254
 -0.14941204490206772
 -0.7628474355529296
 -1.8624426844542512
 -1.473002895468361
 -0.5121623066427894
 -1.315364795926671
 -0.6277139273747663
 0.4642313297429119
 -1.415047945107439
 0.3071198701863276
 1.5071770122463928
 -0.41613813335853855
 1.3620311363513986
 1.995434806437519
 -0.5181278904740712
 -0.35341025513260416
 0.4707717615579359
 -1.735020176058006
 1.4540400937492075
 -0.021029168532983533
 0.4046084674291617
 -0.21064457117029356
 -1.6046726037444872
 0.17600547389449606
 0.16688505815243904
 -0.42301252516411747
 -1.8107986699148437
 -1.8670239723246835
 1.001702562542187
 1.7577927491584955
 0.5225239200942848
 0.672265699859298
 -0.5835294966243874
 -0.7031535892411869
 -2.0155443761242395
 1.282266242607304
 0.7087911468262877
 1.4203586867017828
 -0.8860584000682854
 0.08037753259903901
 -0.3889354461278831
 0.6369522528580305
 1.1583549901117536
 -0.8774447203118969
 -1.7249644963424
 0.7878450805904897
 -1.278176492978428
 -1.637936530803719
 0.793041392443528
 -1.345959523061393
 -1.2066006470027313
 0.5263637999856856
 -0.02617676038739969
 0.08820906037754828
 0.6278317571159757
 -0.011391272805561847
 -0.07212595908786756
 -0.8159017700524505
 0.2642979833974133
 1.0161442581337479
 -1.0970016341024031
 -1.3593378106830292
 0.9904093388615811
 -1.1507013605836711
 0.8029224081640738
 0.02923010204558718
 -0.36252873487471593
 0.9984651146337482
 1.1321824308519641
 -0.9120285113338005
 0.5183021282136853
 -1.3207714437737605
 1.080862112303402
 -0.375398150510744
 0.6632368761146505
 -0.15813393265539588
 -3.058952261742814
 0.31201095804799817
 -0.6704081341672916
 1.1627460379875663
 1.4725320692262187
 -0.7175549488338886
 1.2069260687380696
 -0.7709227633245437
 -1.9780694571841027
 -0.8357602814908134
 1.819121427424002
 -1.2777743409898017
 -0.5954439682874231
 -0.31829795212564793
 -0.5129423146207293
 0.10002732404330494
 -0.6726700141033213
 -0.28751147299634905
 0.09502916418466256
 0.07248078082237441
 -1.2027775751108551
 0.5584493350782447
 -1.650636018444553
 -1.436650176496486
 -0.8888880879882564
 1.5549246908959962
 -0.28042403319679554
 -1.1857125435934872
 -0.17539473216722712
 -0.9585377740184287
 -0.3195087040914055
 -0.4902382672628436
 1.476676085109018
 0.22954781638021515
 -0.885560960082354
 -0.26023583376775683
 1.0557489530136506
 0.24739051987558902
 -2.5108984741146685
 1.3837217997379447
 -1.16834694408462
 1.9277763923510296
 -0.644401270902816
 0.15185418657754113
 0.8666918863605497
 -0.7506901558967609
 -0.6274998713808202
 1.3149911376817807
 0.35495890083334736
 0.09997460404479597
 0.4080006993332228
 -0.4576461481846117
 1.3965757273744108
 0.4300095067107712
 0.606970477705973
 1.8721427859244555
 0.27405163912156105
 -0.4525674283282477
 -2.2227366502644417
 0.06747262896401462
 -0.17414186020266076
 0.9499990840044612
 1.1123857194118534
 -0.6336956552055915
 -0.7276729085477331
 -0.4285759490067731
 -0.7826906429917253
 -1.2914847166020458
 -1.083079922496136
 0.07908645263555325
 -0.6999054293330511
 0.02621445413087553
 -0.4268662610551264
 -1.653122266374237
 -0.12855757349187247
 1.0585147209354293
 -0.41460489340190154
 -0.8466056411840857
 0.30636081420779515
 -0.8818737841866344
 1.6167780571466634
 -1.3813395860607764
 -1.1707498960166598
 -0.2618066017233325
 0.8558511186671476
 -1.5573316210833816
 -0.5031480108977311
 0.20394158510440885
 0.015412758436368357
 0.3518377089216207
 1.5338119554931051
 2.5573828385445427
 -1.4657014316748604
 0.26475034338461967
 -0.027788304341822112
 0.3927940117632973
 -1.3048955402227618
 -1.1867737435634744
 -0.24524281819178828
 -1.1755368078812767
 -0.08152444682206017
 -1.0430982276268956
 0.16437949022330134
 0.38527841997585277
 1.4917389566830108
 0.7875290645994273
 -2.9011278870782267
 1.241704939754456
 0.03935327775928421
 -1.665091570035722
 0.19019459349320034
 -5.786770528027657
 0.1817727057313876
 1.4486434219018358
 -0.4195633652616664
 0.656573420303106
 0.7201469545051236
 -0.9688363017271664
 -0.39573825393548656
 0.942180212225594
 -2.670603101597913
 1.261736027187938
 0.04349532564213909
 1.5690583544962688
 1.9165773286677608
 0.047160541538479706
 -0.8005143864876354
 -1.523468398041099
 0.1231700513887839
 0.22675407245922763
 0.10458634791436694
 -0.5682062010577598
 0.2138334888246467
 0.38449331599805703
 -0.5749583288667965
 0.6849492515005826
 0.5104586404355143
 3.2609867146452656
 -0.4550880762569589
 0.8494956148468935
 -0.22385879479656978
 -0.8299332816556122
 -0.5099774427045816
 -0.5553264414220243
 0.3732920923148493
 0.46505202571970106
 1.3410750489440773
 1.5794431942025655
 1.2111154606195855
 -1.4043761774092571
 0.6213470692993752
 -0.8720363604648558
 1.7931155081594996
 -0.7972029705812886
 -0.24629197016211624
 0.7984637762901725
 0.012812454509909976
 0.4887690170489387
 -0.023379432466513528
 -0.4220306611918865
 0.7032858269819888
 -0.07552018299187235
 -1.0194969802943845
 -0.9336785667214951
 0.9798082671613999
 1.2492881715399875
 -0.233104018535097
 2.1653149776329794
 -1.1687016400745884
 -0.1938687636447458
 -0.030839512255528057
 1.988036158646767
 -0.3419511354566902
 -1.1227747853734886
 -0.4599626441190967
 0.11548013960626946
 0.630116845051349
 -0.7853735629158471
 -1.4336781125805418
 0.3610407326613414
 1.542824075238225
 0.856502366648729
 0.2071694890131175
 -0.17860101207654733
 0.19787759327591026
 -0.28843690497017604
 1.8786734177397566
 0.05313811736942231
 -0.6985092133725388
 0.7440299778296655
 0.9274852606411956
 -0.6487211827806405
 0.20514402507040153
 -0.5720112569501454
 0.046509333556897126
 0.6927987392785839
 0.20994667293457336
 -0.6795842539077732
 -0.5079045467632071
 0.07677479670093135
 0.46513770571727786
 0.4348906345727235
 -0.5815010886817547
 -1.3407072752099367
 -1.5865871242559795
 0.2820188148962339
 -0.9164272152093966
 0.4450336742858587
 -0.6708393421550962
 -0.6581594465137082
 1.4695816773096615
 -1.149516792617173
 0.11598764359191627
 -1.9267398266358038
 0.9442619721667178
 -0.01345052874732211
 -0.21864988294388787
 -1.769223351090674
 -1.6869069054187422
 -1.2261145104508415
 0.6134602535224296
 -1.456737559928376
 4.816435361794925
 0.3078829501647462
 -0.8755567043652936
 1.134153550796217
 -0.6706561181602781
 0.8229486715976924
 -0.19247724368410069
 1.047737601240227
 0.08057028459358762
 -2.1198331571747513
 -0.9643810458531696
 0.4458226582635447
 -0.44891894843143376
 -2.0004966085498195
 0.6012638858673665
 0.5705832707350735
 0.4733745534843239
 0.6432660926794629
 -0.1713368202819927
 -0.24109502630909585
 -0.3069126004476477
 0.6250805731937845
 -2.0251066958537987
 -0.3927766940192452
 -0.6612246864270173
 1.3365485050720967
 0.5646260869035542
 0.6553949163364363
 -1.9849878009884385
 -1.228092078394912
 0.26515069537329694
 -1.3487955549811845
 -0.7111093250161833
 -0.02513477641686901
 -0.28132749717124383
 -0.9415869184978316
 -0.9215628230641517
 -0.15289529280355474
 0.3088335581378612
 -0.49582483510484465
 -0.5030558429003378
 -1.1597074243289622
 0.09595721215841557
 -0.7228746766834364
 1.0217881459741278
 1.0707462725894974
 -0.14525253301970675
 -0.13172823740219997
 0.4194976190080677
 0.8972616614959774
 -0.47002460383452505
 -0.28590193704186984
 1.2849197865322566
 -0.7205725407485453
 0.3143679659813374
 -0.3220041360208299
 0.047744621521960795
 0.4031326754708999
 -0.3384212395565225
 -0.031792168228585105
 1.8853587855506815
 -0.8922719358925546
 -0.7125998929740271
 -1.0230396441941911
 -0.14776778894857046
 -0.2062343472950232
 -0.2611672497414146
 0.7861484646384733
 0.19795227327379816
 0.5860587102973982
 1.3029847860213435
 -0.9565212940754586
 0.438691098465239
 0.06664232498749723
 0.5858714383026946
 0.4791820493200767
 0.8806145339667903
 -0.9943471170056712
 -1.0742886667447697
 0.7363263300475396
 0.036818077830984564
 0.2840001508401979
 1.5713592424311953
 -0.10187481424651246
 -0.8598631928091365
 1.2666943310477077
 -0.19756484354021353
 2.5633121743768497
 -0.11925271775503177
 1.231051388055759
 0.01252077451815925
 1.0882521760943966
 0.3497763329799204
 0.31373591799921297
 0.8774477340563536
 -0.4580551801730435
 1.6226534649804956
 1.2175340844380544
 0.8251050315367063
 -0.10982573402164508
 0.9453259081366276
 1.155473702193242
 -1.0687233149021687
 -0.753068595829494
 -2.038397495477909
 -1.058584707188908
 -0.1387137812046353
 -0.2549667459167768
 -0.02971190428741899
 0.33372362943392186
 0.17060837804713636
 7.208115590815233
 -0.14634950098868238
 -0.6091441518999554
 -1.912830299029192
 1.771460572771943
 -0.25887248180631506
 1.4148078788587704
 1.7608878930709588
 1.3829038557610778
 -1.0294246600136105
 -0.48366178744883914
 0.31728075789895804
 -0.053139263624848
 0.8582658225988551
 0.17471592193096708
 -1.3239901716827287
 1.4976674125153426
 1.0128726742262746
 -0.39863304585361625
 0.41363821917378285
 2.296966357909624
 -0.16852404436154345
 -0.0268459363684741
 -0.13481982931476377
 1.669050559668296
 -1.0510772354012339
 -1.3588957226955323
 0.2280471044226582
 0.8600452145485304
 0.9402432042803763
 -1.167693096103112
 0.3261130456491639
 2.368679179881447
 -1.3999710335338431
 1.524602971753553
 0.10791990782008742
 -0.9803794214007047
 0.4530856180581342
 -0.31198020830432593
 1.2655289630806665
 1.0931110399569786
 2.944264035602795
 -1.5764525885426037
 -0.8653895766528397
 -1.2480965178291479
 0.14304197082676762
 1.1043675836386218
 1.8254655072445791
 -0.6008242401352586
 0.17615940189014268
 2.0601989966058625
 0.8558252306678797
 -0.22617349873110548
 -0.5894368804573151
 0.8270301754822595
 0.5803459664589656
 0.5123082723832031
 0.3106143980874956
 0.050549549442632014
 0.34272671717929715
 -0.8461270251976218
 0.8009957122185645
 1.5659970905828473
 -0.16276556452440438
 2.125848490749168
 -0.6086308799144717
 0.9165305329510165
 0.9081567651878428
 -0.06522916728292216
 0.025283270157211213
 -0.7694608033658907
 2.696360610613983
 0.9301145725668336
 -1.6252403151627925
 1.697916590851909
 -1.1988477032219995
 0.5772021745478781
 0.34824492502323157
 0.6865342354557562
 0.11670528357162002
 0.49826040078050404
 -0.3901702940929592
 -0.0845525027364209
 0.810815495940842
 0.6803352436310757
 0.41364379517362515
 -0.5041103468705144
 -1.2645594053635456
 0.7633833212823156
 -1.1589538003502762
 0.20617657704119896
 -1.0768924186711306
 1.8990202571643087
 0.016283766411734568
 1.1728207017026353
 1.7737607087068907
 -0.7072123811263964
 -1.9328204984638306
 -1.2748247170732228
 2.1802374652109426
 -0.511311386666855
 -0.1761010281472517
 -0.7923756107178157
 -0.7661114754606162
 -0.6898370136178054
 -0.6641964943429688
 1.7569002371837374
 -0.729827292486803
 2.0902219877567543
 -0.48067845153321365
 -0.7421336121387565
 -3.6890783627733357
 -0.07330430305454172
 -1.3504061549356337
 1.9272710643653213
 -0.9096329114015527
 -0.8545102809605272
 1.744232765541998
 0.9615135396788101
 0.8980290054742754
 -1.1122896576700283
 0.5751541586058
 0.2267585604591007
 1.1977436769977654
 0.6344549969286577
 -0.3888991581289094
 -0.015537392688301566
 0.8001688802419489
 -0.3733075105698713
 0.06209003711624472
 -0.9987693248806027
 -0.6048504160213906
 0.7030159629896211
 -0.47379372372792705
 0.7824413127433187
 0.969824787443752
 -2.0593162468862865
 1.0577680809565457
 0.6228868372558276
 -0.5104450026913581
 0.3246789176897238
 0.7272747623035354
 0.08615077243576064
 0.48160401725157875
 -0.1911612757213188
 0.4199906589941236
 -0.9408650865182464
 0.03606151785238154
 0.6498628524928938
 -1.3330830034255658
 -1.212921974823952
 -0.853939072976682
 1.0469050172637742
 2.2618422629030013
 0.7311278901945615
 0.3981489636118489
 0.9380100683435337
 -1.3380184032859832
 0.5112967684118104
 0.6927518112799111
 0.7675672731639853
 -1.317765515858774
 -0.8880127200130135
 -1.138100136940058
 -1.2890764366701566
 -1.541109093542186
 1.1138994153690431
 -2.026009631828262
 -0.3360919116224004
 -0.02959030429085807
 0.7060623229034642
 0.6926483152828382
 -0.7031634452409081
 -1.3645367385359934
 1.486158636840833
 -1.7182206565331288
 -0.6955529094561488
 1.7061333026195244
 0.7918230404779854
 0.2348777122294754
 0.48282049721717435
 1.2937821942816106
 0.9977464826540725
 0.22836716841360616
 0.7291745462498058
 0.9051308852734206
 1.231957300030138
 0.7256425223496983
 -0.6755695900213157
 0.7055416189181907
 -0.9198065831138216
 0.35636962879344924
 0.4696389215899748
 -0.7758938991839504
 -1.359883322667601
 -0.708342445094436
 -1.4641806077178723
 -0.9001459196698631
 -0.20408741935574248
 0.2647825033837101
 -0.4224766371792734
 0.9885382829144982
 1.4743972531734677
 0.10991750776359144
 0.7939384724181568
 -0.12719198153049405
 0.8720712302084115
 0.1947210813651825
 1.602334401555158
 0.5318271918311703
 0.1973813212899458
 -0.20368097136723762
 1.3360176410871105
 -1.1462993527081684
 1.089500136059102
 -0.23498335448194574
 0.4303132027021821
 0.8143639598404846
 -0.7930658106982955
 -0.4421219886236649
 0.7755131529392605
 -0.8998499276782344
 6.972705010176855
 -0.553529969472832
 0.02114991827411039
 0.733543090126255
 -0.2888759609577587
 1.2661870430620548
 -1.396190073640776
 0.7677808251579457
 1.5530663629485533
 -1.0552941072819726
 2.348546676450833
 -1.6111590675610374
 -0.4429338686007034
 1.3741070960098671
 -0.41190840547816343
 -0.037248888074258524
 0.892707141624788
 0.3261357016485231
 0.4960249688437264
 0.6358657648887585
 -0.5350521859954194
 -0.2393499703584494
 0.2185506806912354
 1.1584203421099053
 0.021959334251218543
 0.26025519151175125
 0.13429101907426144
 -1.7374495759892978
 -0.4848292834158201
 -0.3893245181168794
 -1.450335384109442
 -0.5601078012867982
 -0.7375955082671029
 0.0592435491967489
 -0.9849559652712712
 0.7527399615833303
 -2.720476564187395
 -0.42156350120509867
 2.321321101220825
 0.4672175696584553
 1.6334851126741556
 -0.02685089636833382
 -0.8236792658324879
 -0.727994284538644
 -0.8398334093756175
 0.6869633714436194
 -0.6983840933760774
 -1.2122473508430316
 2.418939842459978
 0.27617867906140425
 0.15942608236339328
 -0.5541023854566429
 0.2597934315248107
 0.8383069031633319
 -0.5623213852241937
 0.25515343965603865
 -0.3498569352330989
 0.18350035368252637
 1.0116549702607136
 -0.17214961225900538
 -0.47924587557372966
 -0.06203783137317931
 -1.933131530455034
 1.3330394411713398
 0.8100435039626754
 -0.5727546249291215
 1.2414553557615147
 -1.1545253044755226
 1.0004872665765578
 1.1510687263178232
 0.2484936558443902
 -0.6296556313198511
 -1.576271228547733
 0.293261254578276
 -0.5858973525574198
 -0.9911923730948935
 0.06999665289263035
 -1.4957451988251647
 2.2969137339111123
 0.4015883155145774
 1.683218791267591
 0.7037623149685128
 0.6271357011356615
 0.06818115694397608
 -0.8782261442897967
 -0.9416424464962612
 -3.098148497506103
 1.329647129267281
 1.5197152118917883
 0.34175767720670347
 0.24690399188934897
 -0.7613768755945198
 2.065725300449568
 1.0498268811811382
 -0.3571129350278852
 0.10391281993341561
 -0.35572979906700297
 -1.5959431639913726
 -1.502813518625259
 1.9790222229016985
 -0.5646590891580789
 -0.6724341821099911
 -0.8903989279455269
 -0.9331195587373049
 -0.22479338677013772
 -0.4262189730734329
 -0.1503383648758696
 0.4851087131524592
 0.2283379044144338
 -0.46507071597463057
 1.3404055449630121
 4.001078201871719
