 -3.383952905423002
 1.0216165699789803
 0.21430460881132252
 -0.009129080869541006
 1.222978180284085
 1.0535292970764267
 1.604907417482388
 -1.1243309453294774
 -1.341619683184132
 0.5327967438037495
 -0.8735848084210627
 2.7375472734491444
 -1.082750386505456
 -0.8136512181161004
 0.8951384695560254
 1.257115875318605
 -2.019699136006735
 -0.6394546870427149
 -0.351967855173398
 0.2400788240823779
 -0.8761212643493268
 -1.676532657712146
 -0.17940296405386658
 0.633295908961439
 -0.4074089336054172
 -0.5556123134139392
 -0.9351954466785948
 -0.9694459417099246
 -0.1372003092474392
 -0.8979420717321922
 1.2051207407891278
 0.279966334954282
 -0.6751674220326898
 0.16057154633099735
 -1.3513492269089618
 -0.24776433812047483
 1.2380625638574694
 0.046344397561561834
 -0.55119320953892
 -0.08498223072426736
 -0.7286686525195716
 -1.0085001326053966
 0.06947094890749828
 1.086092552155475
 -2.427415044475741
 0.6277256131189777
 -0.5580177853459078
 0.3735716763069421
 -1.6187024593476957
 -0.6286723673476597
 1.332383817189882
 -0.29589650475920415
 -0.04850280775597593
 -0.08206700680671553
 -1.2556686696149928
 -1.1873185035480676
 0.2573904555927715
 -0.0559806075444893
 -1.0997068340258949
 1.3103277298136708
 0.1427626588346671
 -0.4938465951607931
 -0.0021837610659680706
 -0.6522365986812177
 0.06295772509170483
 0.9152716369866205
 0.02783058208516831
 0.3092571181258821
 -0.3140261122464638
 -0.9112048793570944
 1.3868528076493938
 0.02271748622977654
 -0.8439655852587515
 -0.1800576280353514
 0.5516525272704715
 -0.8676980565875514
 1.5849129700478697
 0.9899274268752105
 0.06467134904324023
 0.42773747477502866
 1.327118905338784
 -1.516586726235726
 0.3426646291810531
 -0.6229002555109062
 -0.027942200337469636
 -1.5111513903894478
 -1.4183984490126802
 0.17668291387533674
 1.2610035312086545
 -0.2730867454043082
 -0.23142137058268553
 0.24058598406803444
 0.08287130052851044
 -0.414051909417541
 -0.9648418378401376
 0.4620928418033925
 0.38894331587220243
 -1.2637963173851272
 0.7360369700557232
 0.7645159612502823
 -0.005501216972144007
 -0.41338018143653876
 0.8490642068590946
 0.10728055583816953
 -0.42405615713460154
 0.9321957005079753
 0.8581024226034764
 -0.5818116246729721
 -0.024920760422921795
 0.567965750809102
 1.2782809762915541
 1.980036174873022
 -0.15086516486097068
 0.644175820653734
 0.10997997976182461
 0.523107928077768
 0.6160472934492631
 -1.0324927079268402
 -0.10990128601950833
 0.6630445641200895
 1.1149712793387287
 -0.11097015798927856
 -0.008454504888619319
 0.38257989205217235
 0.6237131572324577
 0.9857077709945505
 -0.24928551407745303
 -0.4657666679549477
 -1.8489177808367616
 0.22409734453436503
 -0.5256245062620524
 -1.0566274992442617
 -0.19853109151288617
 1.71451831838238
 0.4275451707804674
 -0.48785867533014304
 0.7438992498333628
 0.8784821740270976
 0.46220380180025433
 1.1055448236053271
 0.08086288458531232
 0.31476653397006515
 -1.104698673884716
 -0.3773574784553304
 1.094378055921145
 0.41600387510687753
 1.1266550470082892
 -0.23600592245302554
 -0.844667361238904
 -1.3968683936215918
 -0.28468393707631723
 -1.3930860817285629
 0.9440734921720484
 0.9197686768594355
 -0.35417618311094223
 -0.09257133450963284
 0.08772993239109894
 0.33698790134160195
 -0.2807461691876849
 -2.3730021660146425
 0.16946319407952437
 -1.504885510566659
 -2.031566391671106
 -2.183671555369278
 -0.3428290074318623
 -1.6181939793620765
 -0.5459934096859804
 0.5503254473080039
 0.4778551693576034
 -1.0933457782057978
 0.9040666373035195
 0.455196017998448
 -0.561701865241715
 -0.16847441236294713
 0.5969341659898193
 2.6745596992305547
 -0.8924613918871964
 -0.33334911169997206
 1.4649078214418472
 -0.5265350102363016
 -1.6549062983237812
 -1.1142167536155263
 -0.21547487503368323
 -1.2328524942602783
 0.9782801072046192
 -0.8301007296508764
 -0.08949725459657376
 0.4750709534363464
 0.7204227384973239
 -0.6395681110395071
 1.0740610644957487
 1.0209983939964635
 0.9103983571244463
 0.13884093094558114
 1.6666791437353643
 0.3576505727572217
 0.06447474904880046
 2.0557758527309575
 1.252233571456686
 1.3863307916641574
 -1.1958700473062134
 -0.549373249590392
 1.3660444162378953
 -0.03617425610465119
 1.2684150189990433
 -1.374074082266259
 -0.27529311334190787
 -0.07897902289404968
 -0.11832145378136971
 0.31641290992350246
 0.44986423414924115
 -1.054198979312945
 -0.462018788060945
 0.23759745615255579
 -0.5828822326426932
 0.4383687544743555
 0.697854931135585
 0.0960892921546801
 -0.8581606328572882
 1.2747519948198214
 2.1765700413146645
 0.3363590713828335
 -0.4825914834791094
 -1.2159305107388647
 0.6306550610361272
 -1.0225808522071667
 0.21725233672795508
 -0.12335768563893534
 1.5718209464181374
 1.6850133752168368
 -1.438920888432266
 -0.844974305230223
 -0.400869181790374
 -0.6415558549832898
 0.12050765946408148
 0.37138913236866866
 -1.7927468624253837
 -0.36581215878185436
 -1.1100515457333264
 0.9226749967772392
 0.8986024134580584
 1.2109544766241385
 -0.9294454148412168
 0.41928102701419334
 -1.6583100742275159
 0.41469558714387844
 -0.9140771992758596
 -1.2255013264681835
 1.2420803317438391
 -1.3483675869932883
 -0.04622611182036529
 -0.2967393847353659
 -0.11240714994863765
 1.2362298359093025
 0.6991679790984495
 0.20252836914437733
 -0.04962997572409744
 -1.1145331456065781
 -0.9485617423005701
 -0.46704486791879773
 0.15113284259794213
 -0.780050699066388
 -0.032301920214168334
 0.32950714955317206
 0.3364166053577593
 0.6106281096025281
 0.2639434074074414
 -1.1862395835785815
 -1.2770959010089893
 -1.2441488219407963
 -0.5237142343160786
 -0.05451927958581848
 -1.5630604449213594
 -2.133699228782592
 -0.7422371561358281
 -1.0744455147403338
 -0.22582759474088832
 -0.485415243399248
 0.5040291446173528
 0.6087293336562292
 -0.01793754462042063
 -1.737530927986997
 0.31523869395671156
 0.9087514211710248
 -0.5861692885497289
 -0.4765702116494026
 -0.14009225316564944
 -0.41525566938349634
 0.12697505928117092
 -1.1816151517093694
 -0.8740661924074482
 -0.5988748801903903
 -0.5654777451349258
 0.4812148972625838
 -0.2638367056659172
 0.31470257397187407
 -2.001125224532041
 -0.8651913366584463
 0.5324127918146084
 1.8767464577942548
 0.11974497148565177
 0.43743356250080456
 -0.16016478059795958
 -1.0853514584318926
 2.127522594701821
 -0.41405387741748534
 1.1151502713336665
 -0.29362034482357835
 -0.5289593781677357
 -0.9190257431359052
 0.47247686550971224
 -0.7125667969749632
 -0.8088970262505581
 0.7471036817427352
 -2.54801009706508
 -0.07003448714701843
 0.0949789081860839
 -0.14673544497776714
 -2.2061845067325683
 0.5800009424687236
 0.9680900674928132
 -0.9011665916409966
 0.411185659243146
 -0.07581092698364955
 0.010547806573958596
 -0.041536359953000535
 -0.5237397303153575
 0.410152243272373
 -0.11289790993475801
 1.3401720729696152
 3.304087817426283
 -0.29006317692418193
 -2.472201999354204
 0.7804941847983873
 1.486124940841786
 -2.1264486529876523
 0.530098783880053
 0.3510983009425326
 0.8672163583457166
 1.9138284087455055
 -0.7941072026688429
 -3.3988400650019646
 -0.5673713450813711
 0.71758289857764
 -0.6310458472805331
 0.08183802055773359
 0.2633944794229661
 1.1481527184002935
 0.22366548854657875
 0.73021004222052
 -2.3912123174996243
 0.7577811534407557
 -0.2456298741808416
 -0.5101408266999607
 -0.7544169877913589
 -0.7857433469053889
 0.18461028165113547
 -0.9987106208822629
 0.264425071393819
 0.6167632614290142
 0.31454467797633967
 0.8954279495478383
 -1.641757554695653
 0.9812732191199682
 -0.26958836950324905
 0.5717937347008393
 0.07687810869800948
 0.7934739204312953
 1.7342044058256194
 -0.25016513805257556
 0.8339954872852671
 -0.34957699924101604
 -1.5623015089428236
 -0.3662363747698567
 0.15145107458894191
 0.4737572174735014
 0.7596770973871347
 0.4753138974294755
 0.6126411895455943
 0.8192420557025226
 0.5256787440050603
 1.5047599243147527
 -0.7935517066845534
 -0.14272722909112723
 -2.1409446445776776
 -0.989851853132806
 1.8449935066922896
 -1.4740620954384047
 -0.3035548085426125
 1.4825467729429835
 0.10553645988749594
 0.2978262864491681
 0.2295021923815055
 -1.68603716944334
 1.9687498231922218
 1.0841398722107005
 -0.3838547582715748
 0.495997296844509
 0.10841451580609895
 -1.6210676272808042
 0.442229258365173
 0.5033622966362126
 0.03644614184150363
 -0.1949100116152973
 -1.0357184758356093
 0.2777981910156013
 -0.36238353487882247
 0.02642538212491008
 0.5200680401637419
 1.4526574057883126
 -0.08405823875039964
 0.36249043662034097
 -0.536852393944506
 -0.33878606354620455
 -1.59643402797749
 -0.466791091925975
 -1.1093892257520581
 -0.9201982951027432
 -0.16428590048140634
 0.36106594066062847
 0.31203619004728456
 -1.541413845533567
 -0.708205077098321
 0.7068175388821052
 0.09116773229387132
 0.19469298536597712
 0.7554505935066684
 -0.2363836104423438
 1.008945522337342
 -0.3824057583125553
 -1.0810434425537316
 -1.0826777465075104
 -0.23364108251990778
 0.18648217759819463
 -0.36632162276744573
 0.32148377378008863
 -0.44496862054315667
 -0.08736575865685658
 0.3562467807969236
 -1.498881326736469
 0.9709033714132476
 -0.5429138657730759
 -0.6890772376392933
 0.9847251475494151
 -0.3157296641982841
 0.7831491207233006
 0.21279100885413005
 0.3846478439936867
 0.39647597965916415
 0.5084110644934237
 0.0395089817548806
 -0.8983606637203536
 2.352928868326896
 -0.45871607615435206
 -1.6339282909170798
 1.298389258151314
 -0.18701395583861302
 -0.039754232003402556
 0.7916725524822414
 -0.5574781373611701
 -0.008653744882984427
 -0.1799519320383407
 -0.3804787903670537
 -0.9538243261517341
 -0.9254761749534746
 2.6733373712651245
 0.02950328603786101
 1.1921767731552082
 1.2900265143878284
 0.6103157976113609
 0.8775534620533634
 1.2284587481290838
 -1.1048977218790865
 -0.705415949177203
 0.934130092453267
 -1.1752739678887103
 0.6356821728939508
 1.5522309149721814
 -0.5679912010638404
 -0.031108528247919764
 0.25898627954763853
 -0.2508704740326273
 0.4731928014894642
 -0.27245637742213624
 -0.9542892381385855
 -0.43303634888062437
 0.3635786525895641
 0.7818895927589224
 -0.13850561321052268
 -0.8984531757177372
 0.9189165168835363
 -1.1545918964736392
 -1.3235768996944168
 -0.0647156152974464
 -1.249266517796058
 0.7755683529376993
 1.757810477157994
 0.6541213003724566
 -0.7241407486476295
 1.0219120899706224
 -0.42445091712343697
 -0.13567254129064743
 -0.7516140198706323
 -0.01911108858723054
 -0.12579838956990752
 0.42049464297986994
 -1.458016047892218
 0.9584847237644709
 -0.10801845407275845
 1.1646926059325136
 0.7385543379845272
 -0.12452630160588463
 0.27202112717898785
 -0.31766243214362166
 -0.5196140584320394
 1.08095199230086
 -2.206316538728834
 0.913221301044608
 -0.5391947618782593
 0.008441262633535729
 -0.8366145534666529
 -1.233722422235675
 -0.20210473141181673
 1.5549230588960423
 -0.7236818206606088
 1.2061412847602648
 0.6726243238491554
 -1.6028155797970074
 0.15661914644277886
 0.11318343567122469
 -1.8265200294702133
 -0.6886304376519297
 -0.1201467257297475
 -0.6307037992902069
 0.9016862773708407
 -1.4097706332566915
 1.4429501740628519
 -1.1299147211715574
 -1.6863124414355548
 0.8378530951761665
 0.33619690136397296
 -1.3418713551770143
 -0.26834300153847046
 -1.0232308441887836
 1.143966710518682
 -2.3936071894318927
 -0.9478220223214908
 -0.5786987447610104
 -1.2667169813025252
 -0.7452655080501804
 -0.6136150717735092
 -0.017333304637509706
 0.7093670028100014
 1.0255008018691267
 2.3112715488576847
 -0.41266596545673817
 -0.6856642617358188
 -0.6455073428715341
 -0.664448838335832
 0.060682341156057085
 1.0437827053520792
 0.3529565248899784
 2.2617236629063555
 -1.6330412589421668
 -1.5217388300900145
 2.4400354818633527
 0.8284862714410783
 -0.08614164669147684
 0.9658894675550505
 0.9396915882959771
 1.168818973815812
 -1.0122165805002883
 -0.448060476455713
 -0.27926732922950936
 -0.3014721366015145
 -0.7066676931418012
 0.6027707898247483
 1.2661352270635202
 0.7118771067390108
 1.612062273280035
 2.2893529021249472
 -0.42250648517842926
 0.007727070653734458
 -0.14678882897625734
 2.1491876180890923
 0.554563343188148
 -0.1534516207878207
 -1.048597523471365
 -1.7429430878339307
 -0.15160870883994182
 0.6243694132138975
 -0.999254852866871
 -0.12295807765023703
 0.2180706887048105
 -0.5099810667044791
 0.37823483617505893
 -0.5516265855266633
 -0.724140164647646
 -0.025263576413226296
 0.1649659222067159
 0.297588222455901
 1.5593915947696635
 -1.6585793302199008
 -0.6867568537049182
 -0.6057831279950117
 -0.30388771253319735
 -0.6067375439680189
 0.5588043590682039
 -0.5525428735007489
 -1.224797430488091
 2.425704946268648
 -1.0415190516715578
 -0.4714841317932468
 -0.24126717030422729
 0.6132848055273916
 -1.32200016373901
 -1.6754108017438742
 0.2267376244596928
 0.6690989959488585
 -0.3954783419428374
 -0.5143644745805078
 -0.0601181114274727
 -0.5951228162965059
 1.1397701666373683
 0.03431520590177062
 -0.15651158070127913
 0.94881851603785
 0.4305930106942686
 1.575968802300828
 0.3807087241050926
 0.3859122839579259
 -0.5113829466648312
 1.0572928809699853
 3.2147466999530225
 1.007590810375656
 -1.2830524048405278
 1.116633535291717
 1.7817375404812905
 0.44055548241251064
 1.7067688386015503
 -0.5946870803088293
 -0.9489296382901653
 -0.09923955832104259
 -0.7162256528714837
 -1.8187131896910058
 1.020135706020862
 0.2256722164898246
 -0.7321258204217962
 0.2006438811976743
 1.0500499051748307
 0.3434209651596625
 1.83824289088321
 1.0105684982914411
 -1.138174744937948
 -1.1146563776030929
 1.2339378439741244
 0.9581406277742026
 -0.6735852540774365
 0.24428142396352026
 -1.236425454159228
 -0.9691547897181589
 -0.9875330371983866
 -0.05159761566844878
 1.3695044561400387
 0.7767673849037884
 1.8866863244358365
 -1.2500447257740488
 0.38151393208231976
 0.9582056837723627
 0.8052664320977803
 0.1579088584063033
 0.30308347030048477
 -1.21435723078336
 -0.8723946644547222
 0.19943116923197213
 0.0018738308192753905
 -0.8998160956791912
 1.52317919579382
 -2.123644397066962
 0.03009574202110521
 0.779988608812686
 0.08940830834363123
 -0.9210694710781047
 1.5621920346904616
 0.5418201515485501
 -0.14633817298900276
 -0.7108233970242699
 -0.02687492836765415
 1.5773908902606086
 1.405577047119836
 -0.11121175798244565
 0.866007870379895
 -1.0108909485377797
 2.176489617316939
 0.2934817745720393
 1.6255169848995097
 -1.4491571281427653
 0.1473360907053216
 2.2843704142658616
 -0.07242935107928705
 -0.49968518699566644
 0.3358279253744083
 -1.6955215771751027
 -0.18328662794402906
 -0.5038952828765968
 2.236070063631889
 -0.3965860299115098
 -2.2234681382437538
 -1.2290231903685784
 -1.1126489536598667
 -0.8114475141784254
 0.9571844998012438
 -0.00010363312479810816
 0.4739309294685885
 -0.020121576558651988
 0.36528008454144434
 -1.4690296395807323
 -0.6705817741623807
 -1.0975979380855385
 1.783305908436934
 0.2868024947609422
 -0.40093172578860514
 0.9786517071941097
 0.523827536057416
 -0.19076533973251664
 0.1874322095713259
 2.130579210615374
 -1.9990467765908235
 0.025600454148240637
 -1.0875130663707582
 0.8361975832229875
 -1.5657641008448948
 -1.356741250756465
 -0.32890184782574927
 0.8137560878576764
 0.3348575494018524
 -1.647126218543817
 0.06875040492787665
 -0.39808230186919236
 1.0675825846789726
 -1.0105370445477888
 -0.9202593591010162
 -0.3324675197249052
 0.12043566746611756
 -0.9044269035487886
 -1.3149744359377111
 0.7132196507010411
 0.8077168720284771
 -0.32427251195667584
 0.35960053270207304
 -0.7757300031885856
 -0.6429864469428299
 -0.5116261946579517
 -0.9105812873747308
 -0.5070502507873682
 -0.7961888346099704
 0.4429830503438543
 -2.651696974132615
 -1.095216474152891
 -0.9042147515547887
 -0.551685081525009
 -2.403905549140635
 -0.7207848287425414
 -0.30528600849365084
 0.5880529102409984
 -0.4661578039438856
 0.9051557092727185
 -0.2742235133721582
 -0.5996940561672224
 -0.19152201971111626
 -0.4458892605171192
 1.2608397632132862
 -1.375871202215433
 1.7072815585870496
 -0.28180924915761896
 0.07472933275878102
 -0.8202167366591632
 0.5212174881312333
 -1.2584336535367937
 1.4128429029143437
 -0.8620683847467694
 -0.5841285446074451
 1.8036399958618468
 0.32018398181684926
 0.2777366870173408
 1.0059885784209701
 -1.5004731426914493
 0.676580571737265
 -0.7938810586752387
 0.3284908455819151
 -0.24733981813248107
 1.2248982602297813
 0.05272629338106949
 0.4497998581510618
 1.2087765166857354
 1.496999164534242
 0.27992019895558684
 1.6580203919802505
 0.7997663442533334
 0.649687468497854
 1.5914674098624975
 -0.9239819269957348
 1.3301362652534472
 -0.4545975802708311
 0.33113719750707116
 -0.6063164079799295
 -1.1538944004933658
 -1.5021019346453839
 -0.8019009864484197
 -0.7134164529509333
 -2.226942898145481
 -2.8457568966442253
 -1.220326950614525
 -0.12448793360696975
 0.023755462200420574
 1.268540442995496
 0.12740233126908684
 0.9186523488910074
 -0.18615309186295992
 -0.40297506173081565
 1.5164387399844532
 0.5918785981328005
 0.5188707201976044
 -0.8171859140161324
 -1.0175715083488406
 -0.6002411921517483
 0.13278797911677032
 -1.2785503329678551
 0.4885016250565011
 -0.1609339565762058
 -1.090782122278303
 0.24616742391018054
 1.7620877890370235
 -0.552170089511292
 0.1834341936843975
 0.8096521359737441
 1.63806632854459
 -0.7168698528532644
 -0.42835715701296095
 -0.09816371035146965
 1.5786964742236842
 0.06762217295978523
 0.2643490073959702
 0.7685345531366288
 1.5828770581054492
 -0.9482440383095554
 0.3641293085739905
 -0.738086276253223
 0.5382719036489014
 0.2957505505078739
 -0.5736301609043597
 0.613383477524601
 -0.08886838261435948
 0.4000415075583241
 -0.8791861522626458
 0.07653432470773236
 2.1149846430564185
 1.309301913842683
 0.2804361589409945
 2.3507397803888077
 -0.8808611522152736
 0.4279967547676957
 -0.5908134404183834
 0.8755280861106449
 0.29078008664844823
 0.2968898224756531
 0.896526045516782
 0.6372070688508238
 0.7224010904413722
 1.7399883016620397
 -1.014825852426493
 0.25421816768248995
 0.7253469143580586
 -0.7595061956474263
 1.2484833555627493
 0.4334687466129372
 -0.7029491492469688
 -0.1409636451410048
 0.37376334830152125
 -0.9990516448726181
 0.0005210308575351874
 1.4368469262354635
 -0.7123407969813549
 -0.10157767825491604
 -0.9847110772781971
 1.1403722386203405
 -0.8317287696048323
 -2.5339152190106553
 0.592938974102811
 -0.19096537972685912
 0.37037244439742256
 -0.29617728875126303
 1.0816051042823887
 1.2321152280256715
 -0.7786080031071902
 0.0038013267647620808
 -0.7077371731115543
 1.7813493644922689
 -0.1096889820255127
 -1.493838742879083
 0.2866155667662289
 0.07179249284184053
 -1.197128743270615
 0.21941536066678058
 0.8030458241605833
 1.8109934596538766
 -0.5869655845272082
 -0.6630701423748242
 0.43743514650075976
 1.1514630303066715
 0.7553434175096996
 1.5801543621824523
 1.0189035140557108
 -1.2069929669916357
 0.4821621132357947
 0.11541965960797995
 0.5901603181813968
 0.05991526917775136
 0.22776959243050676
 -0.3642035588273487
 -0.33873070354777024
 0.4254254668404167
 0.7113889627528165
 -0.6455177508712397
 0.04524258959272309
 -0.7311228764501614
 -0.2717882494410322
 -0.8272674257310078
 -2.2203599143316604
 -1.8276142614392663
 -0.06453891130244394
 -1.6708240578735962
 -1.287972604701375
 -0.09044678256971928
 0.8199953116812191
 0.21640245675199132
 -0.659878182465099
 -1.2514059177355517
 0.1631944662568161
 0.6024647578334035
 1.8428272427535557
 -0.5159384585359925
 -1.6870080494158817
 -0.6540779906291396
 0.9073742052099751
 2.4734579689181
 -0.7333450923873128
 -1.3325604274403453
 -0.045517143840416274
 -1.2430997099704673
 0.2340283682534965
 0.06734674096757498
 -0.06686935123653459
 -0.21465437105688867
 -0.810295946210994
 -1.250507629760957
 -0.03494952013928909
 -0.4913954512301162
 1.4769436531014506
 0.3846150759946134
 0.8893787257189221
 -1.2250477424810118
 0.40457228343018503
 0.03995745374219695
 -1.5122429023585777
 -1.298801924395101
 -0.8303850016428367
 2.311584381496198
 -1.0709856108381866
 -1.2854798207718758
 -2.0247881518628077
 -0.2709713774641349
 0.9045091092910056
 -1.4367314724941869
 0.5607626150128207
 -0.08734356665748422
 -0.8397512493779411
 1.3545303765635346
 -0.32679687188528206
 1.322297801475134
 -0.6959072374461277
 -0.03262761620495702
 -0.8567655928967426
 0.10515707589822565
 0.5315320878395164
 -0.266706177584763
 -0.1963873795735145
 0.20602230504556207
 0.6486991805258047
 -0.2584239218190012
 0.04427731762002285
 0.07713592469071795
 -0.26775323355515024
 -0.5632929531967159
 1.3703101041172534
 -0.14762790895252653
 -0.30659371245666645
 -0.1510698848551808
 0.7896974825810376
 0.17710159386349567
 1.858576258308143
 -0.280940601182186
 -1.0808995305578017
 -1.471521807510249
 0.7122764987277153
 -1.7160176085954353
 0.02390126219629707
 -0.1949166276151102
 1.9135190247542555
 0.34479029312093523
 -1.4400213844011418
 1.593817017796046
 -0.9562146300841317
 0.480302329288393
 -0.7068451171367833
 0.18014020977755774
 0.4749782414389685
 -1.4217314249184172
 1.4383408141932135
 -2.944395005854549
 -0.0788732868970401
 0.628128933107571
 0.2072791130100171
 1.5078212602281722
 -0.05151084767090275
 -0.11888091776554699
 -1.4537506080128528
 2.6469374120117664
 -1.343027083144328
 -0.39745286188699414
 0.5099640164495032
 0.5047098805981003
 -1.8038786861105542
 -0.6192517756140923
 2.1280178746878136
 0.29441193454573256
 0.1409038108872389
 1.0120629142491762
 -0.5711185689753924
 0.723628418406661
 -2.7757921546229634
 -2.0907098939984134
 -1.4436450162986585
 -0.6447139348939732
 1.0890003520732368
 0.547847079378097
 0.7334159301298513
 0.5414695595584655
 -0.38243911031161204
 0.4843200251747648
 -0.064932623291309
 -0.7394488282146874
 -1.3425467951579115
 -0.9620867579180565
 -0.13613427727758864
 0.5454658794454419
 2.1411303863169664
 0.4441682503103346
 -0.4491811324240187
 0.8541600387149746
 0.5033928886353474
 0.3588739967226209
 -1.0777389706471885
 -0.19243210768537722
 1.7720906847541222
 1.061996848836948
 -0.18192630798250153
 -0.9795156214251346
 -0.6765992299921955
 0.17458505793466816
 -0.3547577110944955
 1.5882107779546013
 -0.10163923025317523
 0.8003296562374018
 0.016916686393834368
 -0.3913273900602343
 0.36506091654764283
 -0.2972066007221521
 0.6379078928310031
 -1.7888428305357973
 -1.6342799149071352
 -0.8817656161896936
 0.7929496324461232
 -0.3673410547386142
 -0.6699517021802004
 -0.3370654235948676
 -1.2153032547566047
 -0.3739985665503269
 0.28411388683698124
 -2.262685081134623
 -0.02306480047541193
 0.9005826774020527
 0.7984004642919631
 0.28222366289044043
 0.3489061410045311
 -0.6783527259426032
 -0.6326771832343958
 0.3708590123836615
 0.513541040348338
 -1.3263001796173972
 0.21928651267042465
 -0.8340719775385619
 -0.2872373210041026
 -0.10958921402833433
 1.2773979787449878
 0.8945693495721212
 0.07573052473046538
 -0.8410189773420873
 -0.45082469237753564
 1.360162099896607
