 -0.29098405689813767
 0.12188625942509201
 0.744303633821926
 0.5891242462106989
 -0.01200264078827118
 -0.017276384639119513
 0.7659678492092201
 0.002845270791801191
 -0.5479870416295967
 -1.275256749061004
 -0.6600199024610909
 2.948346243487342
 1.810424675669963
 0.1762168018885193
 1.1818700774467015
 -0.013495952746037432
 -1.8626761564476482
 -0.5627524332120029
 -0.11130539797979733
 0.16282551426725078
 -1.6288949150594334
 0.6706918839038085
 0.09355744422628565
 0.2494141838183559
 -1.7943185583809331
 -0.7838076589601339
 -0.2341407865057752
 1.4670315253817847
 0.8353510632469288
 -0.2419601382846288
 0.0842470284896022
 -0.9796292534219209
 0.7352025620793219
 -0.7486453719545914
 0.25561828764289185
 0.394163307724571
 1.5893443219225425
 1.614908361199542
 1.2350035639439838
 -0.7619242275790397
 0.9842060110370232
 0.6008700538785048
 -0.46584197195281796
 0.13538615504328888
 -0.5992639201793875
 -0.09318454249229013
 0.5008716327066534
 2.1262334507382805
 -0.5486312656113768
 -0.4693784118528006
 -0.9829911973268386
 0.15264402655520293
 0.7686295691339415
 -0.06081732740769752
 0.7120322427346233
 0.9917882588225826
 -0.10390204618917842
 0.3431433731675133
 -1.4409374883752326
 -1.3011282203293089
 0.4886971130509723
 -0.4543293162784181
 0.574414606626716
 0.4858692331309502
 -0.49356134716886046
 0.46655226567727137
 0.31626058992781036
 -1.0803562185731677
 1.2975567621748585
 -0.3219900880212272
 1.56878039450413
 1.3411591529416986
 -0.2691648895152259
 0.7504655136476561
 1.4509765418358507
 2.1721239534404084
 -0.5287272901742996
 0.7394354659596072
 0.13413479507867976
 -0.27392780138052153
 -0.0982353583494433
 -0.3954115819447255
 -0.1394527331837363
 0.273398079140045
 -0.6952620694643743
 0.06301179709017557
 -1.5167512062310742
 1.1665735738793162
 0.3240908697063549
 1.9414669439638343
 0.5501561033127933
 -0.3211750560442779
 -0.15906031662919595
 -0.7058074771661298
 0.04632757356203765
 -2.0837151021962397
 -0.028622232318237018
 -0.024856960424726182
 -0.4188384772821676
 1.5582009148033382
 0.34700173305839144
 0.03597024585496289
 -0.6270900073924119
 0.9955312027167249
 0.7428348658634656
 -0.5350310819960162
 -1.1354167850159484
 0.1080948438151399
 0.7036485069717315
 -1.801202886186231
 -0.6535318448046855
 -0.10193314224486283
 0.801751584197187
 1.6338645686634239
 0.19409803338280351
 0.10881439579478958
 0.6859960754709764
 -0.15871929263884077
 -0.8987303597098979
 1.0959050478779586
 -1.0311185719657034
 0.7063713628947239
 0.9727722433603923
 -0.9050234715319165
 1.0899541760462608
 -0.13528718130154616
 0.5855600863115002
 -0.13120501341699775
 0.16797891412150268
 1.223162676278867
 -0.5851634005781774
 0.9839992590428706
 -2.6950344849069463
 -0.7413486601609565
 -1.1414972408439814
 0.25192323974739494
 0.9112283491009725
 -0.2039996273582254
 0.47721702537565136
 -0.9463177663640341
 3.624057512376922
 -0.22707456270562165
 -1.3140658839634067
 0.4284318107553915
 -0.022913728479684536
 0.9001564374141076
 0.29378431856348275
 0.5513919592778409
 -1.1345186890413483
 0.5716741827042204
 -0.4887313393054624
 -0.0806367908471648
 1.9341718881701526
 0.10971881976921072
 -0.8402047693651147
 0.03277390194536167
 -0.48272419547535605
 1.7856266443712991
 -0.13729210924484292
 2.316369557360864
 -0.1959486675859221
 -0.08467835873286145
 2.0486420129327163
 -0.03618569610432765
 0.5689336467817281
 -0.0642911113094522
 0.7036646109712761
 0.32496345368167656
 0.7615519693341097
 -0.05608143954163758
 -0.6581066305152019
 -0.5891093204665792
 0.3647736845557663
 -0.4483077804487188
 -0.4710079478067142
 -1.7001051130454714
 -0.7013201012930415
 1.594625841773171
 2.9113341565341155
 -0.6117459038263728
 -1.1788923197863763
 -0.45711553219961854
 0.007794534651826446
 -0.6542676066237769
 0.6868772594460548
 1.7161195343370945
 -0.6477856708070986
 -0.10188102224633688
 0.9125085170647669
 -0.8863186400609253
 0.3660317005201872
 -0.8134947301205262
 0.640672876752804
 -0.16017709259761137
 -0.7172269248431657
 1.029348121760317
 -0.7056140291716009
 -0.4672499079129988
 -1.26975266921667
 -0.6827766138174871
 0.8139395438524879
 -0.6776166539634207
 -0.48534077140135423
 -1.4333416405900579
 1.238826667835859
 -1.0187310603160462
 0.3462024610809964
 -0.49379441916226874
 -0.6144352717503123
 -0.5907352084205959
 1.3009744420782
 -0.4480571804558062
 -0.08231129479980659
 0.15232204256430926
 -2.3450800388043342
 -0.34789019128872223
 -0.5574178013628766
 2.7154901860729614
 0.9490780120305109
 0.7535420015606471
 -0.30832220840778124
 3.589760814311594
 0.892242925637917
 0.004665382740324908
 -0.7620286675760859
 -1.0200948842774746
 1.1551753582016797
 0.497760824794633
 -1.3825257780272286
 -1.3987302655689344
 0.4118034912256725
 1.1937771811099456
 0.511909504394481
 0.899144221442735
 -2.271494088885487
 -0.7959860506157055
 0.36296262860698647
 -0.7883138348326906
 0.8573036146260682
 0.024217646187349118
 -0.32614926390359766
 -0.7119642209920052
 1.2551240593749373
 -0.9670496377776967
 0.8977216774829673
 0.7480779057151823
 1.1511881583144454
 -0.2152155870410164
 -1.4606938958164832
 -0.8130096181342461
 -1.0208035002574336
 0.6916528353109923
 0.12446768335208436
 -0.4991881390097239
 0.21807212870476977
 0.09643410014492826
 -0.6195787116048459
 0.9025971973450782
 -0.7054805331753764
 1.233122779997176
 1.0940737679297508
 -0.1905901797374705
 -0.047042263797282935
 1.770866236788752
 0.9188571168852162
 1.3178602576006364
 -0.07781739092690287
 0.04664622955302544
 -1.1032231779264459
 -1.1384798249293198
 0.9093753891533778
 -0.9650252938349491
 0.8237353195754444
 -0.36054599093079176
 -0.6671119582605138
 0.04734410953328805
 0.0193959183237169
 1.267182299033907
 -1.08663081039571
 0.9589344917517506
 0.04246260567134641
 1.9502643597150264
 -0.4199454852508593
 -0.2140565710737956
 -0.9679719897516108
 0.1306290111778301
 -0.3113848723211632
 -0.6471002228264844
 0.20285103313525177
 1.216360492471246
 -1.5984544999203472
 -0.8069751223049133
 3.22526517165554
 -1.3168823158837526
 -0.07573621498576255
 -0.21844841894958567
 0.5011339286992351
 -1.3707338823607262
 0.10032666003483914
 0.17708872986385948
 -1.1515098005608069
 0.4625045457917487
 0.4081199313298507
 -1.1896297114827021
 0.12973471520312252
 -0.1389581491977241
 1.275378522802102
 -1.1354259770156885
 -1.5588967970391154
 -0.251305074020336
 0.503074960644339
 0.060049125173965656
 1.6924589430062618
 -0.17216593225854382
 2.058752404646775
 0.8897773417076484
 1.7918373801956475
 1.5252587477350064
 -0.8642503046850605
 -1.291589620599079
 0.7282768022751958
 0.1228711393972377
 0.5479340793756364
 0.40139423552006637
 -0.7319721004261437
 0.7101066187890837
 0.0250582541635751
 0.536526351698269
 2.4662921451207636
 -0.41478786139672685
 0.6314607570133406
 -0.14540830101530133
 -1.7035878152096586
 -0.9950670129853112
 0.34984210097806034
 0.07547828473759921
 0.03180807797267704
 0.1672111301432171
 0.31339012600899263
 -0.5028347709065901
 -0.7377767802619761
 0.12042714746635852
 1.4295781824410376
 1.344812144838385
 -0.1004613342864884
 -0.18869215579115028
 -0.715061644904404
 -0.8818431921874996
 0.7919646404739806
 -0.48289273147058953
 -1.4852935271207581
 -0.36469263081351677
 -0.15779161266507735
 0.20766868899899915
 -0.9429013664606565
 0.6628165001265396
 -0.8557481849255169
 1.0672201606892227
 0.6624283081375184
 0.34028120524846095
 -1.2577376775564773
 0.4595531138752209
 -0.6346529511785173
 -0.7702472753436478
 0.015251630440925368
 -0.8610027607769073
 0.9957930667093189
 0.8610819585192093
 1.0701987366049828
 -0.4650284359758263
 1.309321889842118
 0.5407655435783765
 1.1384440706748729
 -0.872139528461938
 -0.8170425380201873
 0.451480394103533
 0.33672083734915503
 1.5267348516932593
 0.21058429691654013
 0.9122241730728087
 -0.14126814913239283
 0.0659404610073473
 -0.11382778190845944
 -0.9375737666113313
 -1.1104750657213485
 -1.2571030295744263
 0.23631563218880824
 -1.231189574307309
 0.46648864967907056
 -0.2424127382718284
 -0.23173074657393578
 -0.5830809926370719
 0.3672605724854323
 -1.1766211118506105
 0.21045379292023103
 -0.2923806088586405
 0.7254475863552114
 -0.32931060781418875
 -1.3116916440305548
 -0.7205788767483661
 -0.40301912572956944
 1.2334866679868846
 -0.02022686455567424
 0.22302336856473914
 -0.2579318898329168
 -0.3979927418717253
 -0.13274487737344742
 0.3978364356206878
 -1.3376667552959285
 -0.37434232654060473
 2.4180629144847794
 0.6129049175381356
 1.0270566098251255
 0.9499515160058065
 -0.08772233464677193
 -1.045565515557116
 0.1741165699479179
 0.02680278211423648
 0.6369441248582604
 -1.0564455872494065
 -0.5893655204593333
 -1.3063430841818224
 -0.9599325339789821
 0.8246513435495375
 1.2959829062193702
 0.6488554045213863
 0.9118579810831653
 0.20136590517725406
 0.3312758295031504
 -0.03258563220614441
 0.09396258021482762
 -1.7173860325567336
 0.9958994667063097
 2.173938665389085
 1.3586636804466368
 1.6905293350608348
 -0.5671136650886588
 -1.010003060562891
 1.424529470583825
 2.0213844297036134
 -0.3694013426803453
 1.1631073579773474
 -1.9852924889798214
 -1.8397454685958723
 -1.3089660921076387
 -1.5607580289864762
 -1.084002594470041
 1.6218698650026573
 0.23301568828213703
 -0.7246814686323368
 0.8957963095374204
 -0.6543625266210924
 -1.04279929963535
 2.1924717208649342
 0.39771625162408686
 0.09789979610347554
 0.9841762990378635
 -0.08434130274239404
 -1.2801561729224389
 1.3842538797228965
 -0.18224373197352417
 0.14749458670083904
 -0.5110660426737939
 0.5338872157729089
 -0.1312997014143198
 -0.8302419856468815
 -0.06942478316426204
 0.26804003129158094
 -0.6724265981102056
 -0.14559254901009044
 -1.5633539889130574
 -1.0699605788671764
 -0.4323969888987067
 -0.007086184927318051
 -0.6749749900381321
 -0.800372402491651
 0.5575768471029203
 -0.11492608587739728
 0.3278778295992524
 -0.545374937703472
 0.11842841152288663
 0.24924505582313916
 -2.5475746810773945
 -0.44507298054020517
 0.2653380073679994
 -0.3269013038823285
 0.16622279417116914
 0.27375675112990105
 -0.04298605591200033
 0.7028253549950119
 -2.419179724708652
 0.5732678706591479
 -0.7746476192191976
 -1.0982140980681123
 1.255013467378065
 -0.3711404786311592
 -0.8108670901948409
 0.23685516017354935
 0.3090064381329718
 0.39085602781810724
 0.10145364400296586
 -0.5848550965868968
 0.742099329884268
 -0.7165930528610929
 -0.8325822895806931
 -0.043556255895873974
 -0.20123556343639848
 0.17619112188924557
 0.37008679640550124
 -0.7201876927594295
 -1.4550736799754338
 -0.1416633491212158
 0.8294753994131039
 0.12477209934347488
 0.685456099486248
 2.0729813162443538
 0.812312247898511
 1.3309422732306517
 -0.13301531736579886
 0.12298057939414253
 -0.13509306130703624
 -0.705477293175468
 -1.1413074968493477
 0.6975875391431474
 -0.5690306730344421
 0.6115201095773006
 0.08563909245023194
 -0.5092750187244475
 1.1997377809413683
 0.30689090219280324
 -0.37098338263560215
 -0.35489106309072405
 0.8789965340125505
 -0.23657027443706458
 -0.8277057137186121
 0.9673186755146297
 -0.9990550288725224
 0.1362138350198805
 0.679958915641719
 0.47206920152124177
 0.0870808444094564
 -0.6118788958226116
 1.5479076990944503
 0.7809873767844389
 1.986417494692546
 -0.6996515333402318
 -0.26326715368202525
 0.2232971205569969
 -0.9070210314754217
 -0.6523803106771533
 1.389599711571706
 -1.182949511671631
 -0.6025293520870347
 -1.3412720271939644
 3.7241273057814483
 -0.6995283573437154
 -0.9090828954171082
 0.3018020463367259
 -0.49471658713618805
 -0.10239183823189002
 0.02204773424871842
 -2.4928042986264067
 2.154006497952805
 -0.09358048648109207
 -1.7009283290221893
 0.02022556630025285
 1.450129981859793
 -0.6967869894212466
 -0.6974635094021133
 -2.051122871118011
 -0.9216655190612473
 0.510883760423491
 -0.25033921004765247
 -1.8540050606928835
 -0.4062121096392657
 -0.1730452042336763
 0.5065882725449757
 0.8026288481723762
 0.8583843185955038
 -0.6475720868131392
 -0.457064316201067
 0.010122894585975928
 0.30105278235791655
 -1.2600550934909363
 0.11690449956598581
 -1.6654185700264739
 -0.28702340901015244
 0.4396173224390436
 0.5659075108673131
 0.41250389120586384
 0.6933775632622137
 -0.7663137074548967
 0.5995993819144418
 2.076369268148536
 -0.8664808886219753
 -0.4762149636594497
 -0.005215080980236486
 -1.030211259991364
 -0.28000037720877735
 -0.33851168755396444
 0.8074082080372067
 1.5242311477640689
 -0.09430549446058745
 -0.47876777158725137
 0.13260852312184568
 -0.6482642067935647
 0.03517160587754997
 0.6868732514461682
 0.9357850924064604
 0.08059510859288554
 0.8488946068638912
 -0.7038179412223977
 -1.9523157059124685
 1.2975757781743207
 -0.7091680450710864
 0.554196751198516
 0.9270692366529616
 -1.5278031579185036
 -0.38591385421333957
 -1.0032577087536625
 -0.253911825946612
 -0.05369159960922687
 -0.38774464616156123
 1.1918690771639104
 0.29596462250181954
 -1.251489917733176
 0.2659201033515366
 0.8749750621262855
 1.0554593050218424
 -1.0500208034311118
 0.33977500526277726
 -1.1139066176242975
 1.5724723223997152
 1.8629167141853866
 -0.5041091708705476
 -1.7653326952007093
 -0.3472388073071446
 -0.5659851131205764
 0.19636903331857525
 0.15403217051594353
 1.6263218408767468
 1.493714484627139
 0.17694316186797643
 1.4353189982786763
 2.2111762243359347
 -0.1407256451477359
 0.0666164049882303
 -0.7264561085821466
 2.2198345520910605
 -0.19956168348373904
 0.9682453634884212
 -0.36871173469984875
 -0.17048426830610452
 -0.7334028443856795
 1.440455078133418
 -1.4622403597727462
 -0.31690284816510417
 1.3984117753224838
 -0.4676001879030922
 -0.5179581304788723
 -0.41432444540983315
 0.5912790701497563
 -1.4862019350950666
 0.672019251866268
 1.3415492329306664
 -0.011323934417860433
 0.5818493104164482
 0.6994288030910729
 -0.959420125993474
 1.2524030274518934
 0.1702638100568814
 -0.3704537186505821
 -0.1372482052460846
 0.16497636220642065
 0.8742427501469967
 -2.6073423353870497
 0.32208101376319753
 0.2660349193482894
 0.9115681410913625
 0.8813828219450617
 1.430858702404822
 -0.7662195074575608
 -0.18414496391975366
 0.2795362229664464
 -1.005496220690353
 0.3111832300714079
 -1.6990776570745298
 0.43811309848158597
 0.41411156316039577
 0.5367817996910444
 0.18572841761951242
 -0.6072230319542884
 -0.06861192718725118
 0.7670454891787424
 -0.9533810541642707
 -0.8701909045170488
 0.065190381028561
 0.2733748231407027
 0.2938135265626567
 0.4359317785432779
 -0.5584019533350428
 -0.0014136810877474204
 0.09755590011320159
 1.5082851562150523
 1.0669104246979826
 0.3941674517244538
 -1.6339893229153537
 -1.1179668095094675
 0.011862270536783015
 1.4887333487680152
 0.6231393812486852
 -0.6886773976506015
 0.2669377593227553
 -0.26359201767283746
 0.5678418148126072
 -1.8504148127944227
 0.8309907353702473
 -0.48965929127921815
 0.784601128682235
 -1.6554572183082001
 0.9016879093707946
 -1.8916770036274482
 -1.9395927702722977
 -1.1850325356127192
 1.8930098493342946
 -0.5958928882747268
 1.759800445101714
 0.9323873085025562
 0.5168876082536906
 1.28719673846786
 -1.8509712447786857
 -0.7483579399627205
 0.4540740020301808
 -0.17878497207134458
 -1.0302399639905522
 2.6356455403311223
 0.15151984258699702
 -0.8236776258325342
 -0.9022109996114587
 -0.751534259872888
 -0.21836929895182333
 0.05478596532281799
 1.0006276505725875
 -0.19998581147174388
 -0.6616733264143289
 2.059456316626867
 -0.12758586151935436
 -0.9347627266908329
 0.4798230093019491
 -1.0134979564640485
 -1.1344316650438095
 -1.3682200744318216
 -1.404550353404331
 0.4347936505754664
 -0.07191286309389433
 0.13202936313822544
 0.8232260875898465
 2.063776564504682
 -1.6695591539093702
 -0.9165069512071415
 1.410118502991395
 -1.2240205585100625
 -0.26940838550833934
 -1.533352909761546
 1.3261858093651737
 -0.3158987361935024
 0.9958881147066307
 -0.6498678627482102
 -0.38074096635963883
 -1.5832000843517715
 0.5702360627448932
 0.15634279445059462
 1.688428303120256
 0.5118088243973284
 0.3553731488216316
 1.9635745913385874
 -1.751963155687073
 -0.71264222097283
 0.5914345101453602
 -0.026291544384153376
 -2.131258412851623
 0.40566830739918736
 -0.31208901630124863
 -0.6726580461036598
 0.5221411441051105
 -0.5931756643515751
 0.11622761958512928
 -0.004333985005155583
 -2.0597305828745682
 -0.06503278328847628
 -0.05738596750474301
 0.3034528782900372
 -0.8486730011256167
 -1.1498563446075698
 0.6933946192617313
 1.0394988574732347
 -0.23578002645941432
 -0.23283488254270868
 0.7150533866491795
 0.1368746030011927
 0.3881919078934537
 0.9145513410069919
 0.29928127040801833
 2.0807277560252695
 -0.8641290486884898
 -1.3334953234139046
 -1.4631833197460775
 -0.03424682415916269
 -0.2639713856621082
 0.0965176681425648
 -0.2821844091470087
 -1.1146398656035599
 -0.2560160738870998
 1.7476697094447946
 0.14979125863588472
 -0.4792739795729348
 -0.666087342289492
 0.4948222568777414
 0.24074722406347426
 0.29482883053394193
 0.15906303437366098
 1.0462196332831581
 -0.9572238220555898
 -0.04838731975924215
 0.11373237965569949
 0.6816576915936743
 0.04034326173128555
 -0.17543714016602774
 -0.5700410250058674
 -2.4348163642664176
 -0.8907251759363
 1.5371974993973554
 1.3350756651137514
 -0.9671587977746094
 0.5445965754700275
 -1.2290054383690805
 -1.1861317675816307
 -0.3971510378955303
 0.6997702590814159
 -0.41813734930199686
 -0.6083179999233206
 1.5573938108261647
 1.0035131624909797
 -1.298728836397168
 0.256234471625465
 -0.14945143690095364
 -2.120292997161746
 0.17952398579498574
 1.1811882214659857
 1.418565342752502
 2.6737405232537226
 0.14908446665587416
 2.210526080354322
 -0.6450109428855733
 -0.965816861812562
 0.05522958131027167
 0.3550424048309857
 -0.45056009238501904
 -0.8589751848342511
 0.3802854681170631
 -0.26128261773815176
 -1.245444397904155
 -1.1857580875921991
 -0.37670336647382996
 1.5373754193923235
 0.8634879424511634
 1.2123832685837295
 0.8482218308829186
 0.936153220396049
 0.4393687304460743
 0.4381264744812077
 -0.522928346338305
 -1.493470022889511
 0.3948894277040349
 1.2085934606909126
 -1.2487263098113361
 -1.285750484764221
 -1.483353991175612
 0.045557741583809985
 -0.5828411926438539
 -1.186182919580184
 -1.6873565854060244
 0.15783566640837332
 1.5988929136524899
 -1.2812146608925028
 1.431057238399207
 -1.8748496121033593
 1.983748129016695
 -1.2223045105585957
 0.2571760155988363
 -1.7367903440079422
 0.20158849717095872
 0.36186398863805813
 1.4258030865478046
 1.0138982741972686
 -0.11609815784424882
 0.6608821481812468
 -0.6418284709755797
 -0.8053868423498329
 0.36323966059915147
 -0.5329125060559337
 -0.8932825438639727
 1.510405460155086
 0.5332243277916566
 0.1603605543369646
 1.0667787287017072
 -0.6444898389003111
 0.23636606418738193
 -0.9640161818634887
 -0.4084899335748444
 -0.5351333379931242
 0.9562768518269138
 -0.2925463288539536
 0.4623544497959937
 -0.4937034431648417
 0.2653814793667699
 1.2705981549373
 -0.6593982144786734
 0.6513728444501883
 0.10809785181505482
 0.5519105112631753
 1.2566756433310555
 1.3174430256124365
 1.1448053264949642
 0.3308235815159408
 0.4351593145651247
 0.4528588820645467
 -0.994707284995485
 -0.31747903214880857
 0.550798751294618
 -2.109267333473573
 1.5407321952973874
 0.17976036178830057
 -0.12669834154445514
 0.17535455391290533
 -0.043056327910012904
 0.9295806765819332
 -0.30207720058440213
 -1.8314265573314472
 -0.22973397063040846
 0.291943382615548
 0.02585787814096019
 0.4667664976712125
 0.5089191364790544
 1.2273067401616649
 0.3199315498239885
 0.043459565643150455
 1.5889840579327315
 0.031174805990587195
 0.11816207553041913
 -0.37585365449786146
 0.05225014139453599
 0.30532888623698007
 -0.011351312806691993
 0.88566229382403
 -0.5963715762611885
 2.342560092620145
 -0.4373705167580457
 -0.46664353993014807
 0.2955582545133124
 0.3757097482464733
 0.0036083507702198148
 -1.0429140036321058
 0.29265343059546645
 0.528661047920715
 0.003414270775708772
 -1.144319832764153
 0.37092922838167564
 -1.3863868019180314
 0.26940543925296456
 -0.3464351193298745
 -0.12331954164001413
 -0.0026815850518886464
 -0.9371952066220377
 -0.39087319807307974
 0.7193605545273645
 1.1276151109811368
 -0.28244728913957395
 0.3656538445308737
 1.156371942167838
 0.8613808945107548
 -0.09554363842557034
 -2.2004091468959066
 -0.5833640966290652
 0.14151691486989915
 1.1104192074674701
 0.4130223151912018
 -0.9526752941842309
 -1.6514877864204633
 0.27917186297675123
 0.4955794088563277
 2.514338559761918
 0.25503006365952796
 -0.16999394831997172
 3.5570477862720864
 1.3037586339994576
 -0.8809094322139082
 -1.5223649900723055
 -1.262438917208963
 0.8104629999508113
 0.41833033104108086
 -0.7165895248611927
 -0.4738406277266005
 -0.15039900487415458
 -0.07856019890589483
 -0.8003343064927284
 -2.136936140691046
 -0.3367657756033422
 -0.6242695354721803
 -0.9260208789380693
 -0.6533686466492012
 0.04041394972928636
 -0.2711289934596772
 1.471502853255327
 0.8884714057445828
 -1.081914306529102
 -1.115434433581088
 1.4300510784276632
 0.46041616185081224
 1.3277553053207853
 0.18701052958325182
 0.029534686036972957
 -0.38457943825107943
 1.0007587465688799
 -0.06901840717575514
 1.0338981216316343
 1.169141261806697
 1.3612430643736868
 0.5323577518161651
 -0.1638093084948853
 -1.4918525909352551
 0.8268679754868469
 -0.40440439769039127
 -0.5977670562217217
 -0.5929148323589519
 0.45211702608552784
 -0.5498892495757985
 -0.2090145472163938
 -0.4773524356272798
 -1.135307441019041
 -0.10154576625581857
 0.5474794073884954
 -0.4676249639023915
 -0.3549040630903564
 -0.546927729659556
 -0.10257239022678366
 -1.3387491152653173
 -0.8146210660886712
 1.4778940530745714
 1.0622643128293836
 -0.33497769565391255
 -0.7203105727559542
 0.9899229948753359
 0.4905122569996365
 -1.7984309582646265
 -0.10645899811686288
 0.36236189262397644
 1.0829415522445913
 0.025660678146537386
 -0.1931091876662281
 1.1513419263100966
 1.7748565726758976
 1.3228401374597958
 -0.7469267880031962
 0.1963374493194685
 0.24045838407164322
 1.4363541742493995
 1.9536589196190217
 1.059016256921245
 1.2243584122450493
 0.1816405537351251
 0.5662893428565141
 1.3213622815015924
 -0.9079002634505553
 -2.140858188580123
 1.3333771931617875
 -0.35812799899917724
 -0.45318166031087603
 -1.3945665056866936
 -1.9046341632609947
 -0.07227518308364722
 0.1683786421101976
 0.1772043858605885
 -0.20311138738334655
 1.7887004762843652
 -1.0479383954900063
 -0.36245716687674
 0.07130682085557627
 -0.5104859706901994
 -1.043247499622674
 -1.4917957269368634
 2.7032292904197233
 0.30340959829126124
 -0.07925729488617961
 0.7096741628013143
 -0.34668211132288906
 0.6454640526173003
 -0.5850381525817197
 -0.6683753822247818
 0.38541166797208426
 1.660041591923087
 -1.0579539792067463
 0.9610500756919178
 0.5625107189633809
 -1.127622105236397
 -0.19241321168591163
 -0.3917029020496141
 -2.0395591514450553
 -0.052936335630587195
 2.232981146431812
