 0.7406898979241294
 -0.7207873967424687
 -0.5298508741425225
 1.249784299525956
 -0.07159112710299365
 -0.1776005721048417
 -1.455309159968774
 2.647595011993168
 -1.1670240321220344
 0.9614331796810829
 0.26316119142956396
 1.1102457194723767
 1.0835359922277794
 -0.10593717413162107
 -0.930370910815042
 -2.2844727525184254
 -0.3141728562423136
 0.02718239010350043
 -1.6455424585886087
 -0.44642338050201325
 -1.365949530496037
 0.4962234728381123
 0.8313051593613547
 -0.30500215250167884
 1.6811944713248428
 -0.18212771597680533
 -0.008084224899091552
 -0.2802936732004824
 0.8903250456921583
 0.9818869631026104
 1.5946482977725358
 0.37866503616289204
 1.3548284485551045
 -0.17481369218366005
 0.0794499726252722
 -0.2956646727657608
 -1.4330222965990895
 -0.41043335751988064
 1.1324292308449841
 1.3426988008981544
 1.174829133645833
 -0.4532283243095563
 -0.46357449201694667
 0.5202268241592511
 0.2238433605415482
 0.3791132841502147
 0.448048026200607
 0.24737619187599424
 0.10101833201527732
 2.013700669920925
 0.7546559855291415
 0.09481506019071784
 1.3765463439408805
 0.6162758294427997
 0.28811043072395126
 -0.1461540929942089
 1.4629394534975164
 2.922812676209481
 0.4368695305167565
 -0.1218234216823273
 0.07531246874228881
 0.4341136825946972
 -1.4502384801121826
 -1.7668393431580984
 0.2963842704899511
 0.1282494992451273
 -1.399488681547485
 -0.2538958019470652
 0.4100700592746973
 0.11581432359681809
 -1.5174842062103435
 -1.1316362891228682
 2.3184666773015534
 0.2502623117943692
 0.006434198690299375
 0.5209092321399513
 -0.31243268029152915
 -0.8635440887050336
 0.9326906364939775
 -0.17135871628137345
 -0.35546121507459905
 2.1807402331967234
 1.058796568927458
 0.3959476996741049
 -1.8705263082256307
 0.027429670096506875
 0.38822852389241813
 -0.7458199400345
 1.0775200003979233
 -1.4607249198156058
 -0.8564383849059967
 0.6580965722600283
 -0.8280393377091766
 2.3436372765896802
 1.1088717995112338
 -0.38818303814916266
 0.24099393605649677
 0.6176094134050834
 0.2329226402847686
 -0.9118974153375081
 -0.8510006490597863
 0.4573178819384376
 1.3440453048600727
 -2.082353734234742
 0.12913548322006996
 -0.34135141547365144
 1.0031170105021836
 -0.04442727987123973
 -0.54060270583844
 -0.3949979179564247
 1.5754228697928516
 -1.2081919749577255
 -0.6407229270068466
 -0.06537795127871426
 0.33879994129035396
 -0.6259178474255629
 -0.14527565301905287
 1.1371407747117326
 0.11753432354817317
 -0.025007264420475295
 1.6105455853229298
 -1.2109456708798456
 -0.8908524639327
 -0.2733759693961284
 -1.5423289495076862
 -1.1292773771895828
 0.27285311115545774
 0.12994409919720074
 -1.3674408984538582
 -0.2737841773845835
 -0.4854168273992032
 -0.6947332454793305
 -0.10582714213473299
 0.10434519592118718
 -1.0590172991766735
 1.5024414283803242
 0.40532833140880253
 -1.199536327202524
 -1.9605297616801591
 -1.4188540329997954
 -1.1008772099927944
 -1.844274204968091
 -0.704545357201825
 0.03990372574371648
 -1.5354935017010058
 -0.9027952075949361
 1.677149623439239
 0.9834412510586521
 -2.0496196631605246
 -2.0346649515834727
 -0.8802954722312721
 0.3797719961315851
 -1.0872986103768234
 0.40850307531901464
 -1.8050053420786902
 0.6273673891291089
 0.5721785986899546
 0.2898211506755688
 -1.5613627889693724
 0.22052268063546343
 0.9837139790509388
 -1.3798216821037057
 0.17580764190009113
 1.112949559395907
 -0.32217429601601744
 -1.4663151196575042
 -0.23105161859314283
 0.7203741304986986
 -1.5315066858137607
 -0.7144524849216323
 1.3983494553242464
 1.687336975151121
 -0.04997470371434787
 1.1693330858012718
 -1.525052621996294
 1.5663296985734405
 -0.73769142826439
 0.3330899014518449
 -0.9663560137973137
 -0.06688423123611376
 -0.3104866243465674
 0.2485220878435861
 -0.6788124859296003
 0.363582828589446
 0.2944832865437146
 0.4486433781837693
 0.8975011814892033
 1.030774121719987
 -0.5868529205303945
 0.5184450722096425
 1.4724353412289544
 -0.27792876126736665
 -1.4161012010776508
 -0.11292862193388942
 -0.11203544595915016
 -0.7509360838898056
 -0.3058401204779795
 0.5190923921913351
 -0.8993627676920122
 0.45410582602928073
 0.8288450554309312
 0.20628867303802867
 0.15685171443620138
 0.46197356980676574
 0.40638809937883025
 -1.1585014963630682
 -1.7879523665609813
 -0.544795345719864
 0.06805548494753033
 0.3318883014858285
 0.2280533124224826
 0.04438435761699555
 0.015673830428984736
 0.2417108560362209
 -0.20623669129495692
 -1.2445317179299673
 0.2516751437544116
 0.564870134896652
 1.0931265359565403
 0.10636571586404298
 -0.9993563008640018
 -7.2185528445395715
 0.1640384262329473
 0.3821401960646078
 -0.8196755299457212
 -1.7118626407129458
 0.5407331835792917
 -0.44049333266972646
 1.4624084055125355
 -0.04212769593627641
 -0.5007649629651283
 0.5708958707262326
 1.613957721226428
 -0.11558306185881673
 2.066103132438882
 -0.27935752922695833
 -0.7220989247053762
 -0.6319437592551385
 0.665776716042819
 -2.703199004676038
 -0.18988179575750497
 1.227674036151277
 0.8172023677602089
 -0.853017073002758
 -0.7255904286066297
 2.243642879417715
 0.25687821560725865
 0.4804453612843478
 -1.081110010551849
 -0.1791961880597146
 -1.8835778038565092
 -0.9275930468936053
 0.40185245150710713
 1.8495220185642145
 -0.9601883099717483
 0.23396387225532056
 -1.0875552423695654
 0.18918078552187279
 2.4557738814182404
 0.393528059742537
 -0.8399069213735384
 0.7516328336146421
 1.367833800187288
 -1.715433712611949
 -1.8601691725185505
 -0.6094178798922139
 -0.7524897398458652
 -0.5451620737094922
 -1.4512204800844097
 0.44488899428995055
 1.7275445900139719
 -0.754426035791103
 0.5406361915820348
 0.23825918413384084
 -0.4865897473660308
 -0.8887095039933071
 -0.7036600132268642
 -0.47317429974544556
 0.20135851317746312
 -0.9244291349830869
 0.36411982057425885
 -1.7684640471121487
 0.46637268968235013
 -0.2893762489436096
 -0.7260653325931985
 0.496389560833415
 0.3209671417947
 -1.2778922609864667
 -0.5451030577111613
 -1.7209853364549383
 -0.2887896009602011
 -0.603173112068828
 0.7586356654165884
 0.05473742932419068
 0.49911248875640535
 -0.1266691015452821
 -1.4395373044148325
 -0.01365402474156685
 -0.8425471772988669
 -0.5922185363786445
 -1.2950051245024818
 -0.7521489318555039
 0.2548812956637354
 2.4903827284394353
 -0.7035546292298447
 -0.2364637464400774
 0.4644360337371225
 -0.5246835942886632
 0.025449614152506683
 0.5309236798567234
 1.1195340872096837
 2.6241070286574537
 -0.5357124899767447
 -0.5244508582952454
 0.9634851796230484
 0.5288887279142758
 0.3166315259173196
 0.36782696446941365
 0.4037884514523533
 0.40904013130382566
 -1.7927435424254776
 0.0413819337019099
 -0.7928519787043431
 -0.24597024217121533
 0.655927244321381
 -0.31082472833700514
 0.17642727388256674
 -0.8011407864699196
 0.5536586152137355
 0.3266048856352537
 -1.4611546398034525
 -1.1990120792173506
 -6.527414303018522
 -1.020678316260974
 0.020465774293459305
 -1.3746148902509638
 -0.18936285977218148
 0.6471449085697625
 1.482248156951429
 1.0783235363751977
 0.131604443150243
 -0.33495020765468997
 -1.2398545180622476
 -2.143695724499872
 -0.6899315976151303
 -1.0581986911998253
 0.27076650321447104
 -0.354317871106935
 0.9334886524714081
 0.3002489343806509
 -0.06047487941738261
 0.8770172540685284
 1.1324181828452966
 -0.06789216720760738
 0.814599007833837
 0.09489434018847565
 0.1499536666312915
 1.4437644780398218
 -0.1689868683484539
 1.4263668705318597
 0.1795177857951611
 -0.6891622376368893
 -0.2914095288861045
 -0.5289459461681156
 -0.336460959611963
 0.5953237180353659
 -0.028420864323932093
 0.04206268568265692
 0.15780748240917042
 -0.34531828736146064
 2.9847804424569127
 0.9925318908015512
 0.829082847424206
 0.34526184510759883
 -1.012896708481053
 1.8072264917604137
 2.6710681553293023
 0.4866362251092582
 -0.7738358992421546
 0.7188226105425786
 -1.6579172342386261
 -0.05814009548341481
 -1.2176407186904967
 -0.13422764533151188
 -0.48514841140679454
 -0.01494159270515194
 -1.1072670498120774
 0.08492521247042184
 -0.13048592543733495
 1.058431920937771
 1.2126987565748069
 -0.7012630932946537
 -0.09006786258043586
 1.0657456327309252
 1.269311010973703
 -2.70863667652225
 -0.2661026336018324
 -0.40784578959306206
 -0.5093179787232325
 -1.426086576795245
 -0.5671873210865757
 0.8399132551179012
 2.8066875994937224
 -0.21972794691339814
 -0.034595072149313566
 -0.2756897373306906
 0.2195586246627288
 0.7408979459182454
 0.12497565133771804
 0.7289984982547848
 0.3976594116256944
 -1.492863558906663
 -0.9992319648675183
 -0.05858855947073138
 2.4035813308943466
 0.984553979027182
 -0.3695981106747803
 0.7923929044618685
 -0.6350779591664972
 0.9535559239038669
 0.28068803893387084
 -0.8268464177429147
 0.4085397793179766
 0.6051131177585027
 -0.3228801119960556
 -1.7132942726724565
 -0.567205305086067
 -1.1419501688311717
 0.3683087644557874
 -0.5901366404375246
 0.16116650631417073
 1.2797239386792052
 0.029202630046364142
 1.927095168370296
 1.1647748619301872
 -0.6960249894427974
 2.4785005847754853
 -0.5288073381720357
 -1.078141330635809
 -1.7659380951835875
 -1.4567991679266337
 -0.8361709214791997
 -0.3407564074904794
 0.49542341519160643
 -1.1500394726023906
 -0.32321161598668
 1.1337848788066438
 -0.24378555423300252
 0.1326365791210522
 1.2455750516450017
 0.31758843789025626
 1.4932375246406284
 -0.46069155609848167
 0.93154282052644
 0.6105477496048008
 -0.6671089022606003
 1.053159265086892
 1.4141406868776398
 1.33533630510638
 -0.17142828427940593
 1.2044113808091899
 0.28903433469782147
 -0.2886319849646588
 -1.077680538648841
 1.3678792241860034
 -0.33600712762479823
 0.11000048376124472
 -1.1645363681923904
 -0.7175352528344456
 -0.36975947067021675
 0.02324702221480024
 1.1996344129442917
 -0.2838957530986086
 0.6544371323635243
 1.2280896841395217
 -1.6993236250675734
 -0.3691602626871635
 -0.8464211851893024
 -0.7805464750523665
 -1.4246836888349215
 -1.7488139436678916
 0.939455364302658
 0.6754318277697537
 -0.033968536167033214
 1.3374416490468368
 -0.694763741478468
 -0.35106151919903095
 -0.8790058082677463
 2.034051333345369
 -0.11710588581574832
 1.0499891531765488
 0.3449389011167323
 -1.1078338017960485
 1.3373599210491482
 -1.1653355761697872
 0.23188494431411666
 0.3886586518802533
 -0.5201507864168597
 1.3716042000806539
 0.5173826322396904
 -0.5065733228008567
 1.1248587990590906
 1.891063153389351
 0.5476055273849285
 0.48022020129071574
 -0.5570786813724675
 -1.1627214002437212
 0.5858340383037524
 -0.17228804425509026
 -0.10689423010455368
 -2.307267919873734
 -0.27016671348689236
 -2.151388972282292
 -0.34845935927262506
 -0.03648784009578243
 0.5444484794742159
 -1.0486834594689345
 -1.228168062392763
 -0.19214355569353803
 1.2407576677812466
 1.7909619882204053
 -0.7935340026850541
 1.4487578938985983
 1.5978940096807408
 0.807816904025648
 -0.7863270108888818
 -0.058601487470365754
 0.4392764024486855
 0.6243354212148589
 0.8792875020043214
 0.24973663180923644
 0.050646269439896585
 0.021744134257304815
 1.0341319296250218
 1.2672478590320528
 -0.6469297108313068
 0.184570201652269
 1.4299204544313575
 -0.6462592628502684
 -0.14256916509559758
 -0.7684456833946003
 -0.5951551922955902
 0.006294286694256357
 0.3137892939977034
 2.9128570284910458
 0.6337839889476351
 0.275503911080488
 -0.9711030776630576
 0.9737005953341367
 0.6260292771669533
 -2.0790618463278427
 -1.000103908842858
 -0.5395281618688301
 2.1017111954318173
 -8.607893188669198
 0.5391328316245527
 -1.381797034047839
 0.06521520502785894
 -1.324517563667813
 1.0348306176052615
 0.6375501808411199
 -0.5255813142632739
 0.501107272699989
 0.5757234305896999
 -0.04487404785860427
 1.1531245022596819
 -0.4279013970258507
 -0.2626649936990555
 1.8365048029323665
 0.11499577161996832
 -1.5025843106317414
 -0.27007764948941126
 -0.745426652045623
 -0.7798143630730721
 0.16575775418432137
 -1.2145271507785544
 -0.8278078497157235
 -1.11022043372855
 1.917698104636063
 1.125531015040079
 -0.4444627165574646
 -1.22252216655244
 -0.6171980556721754
 -1.327909019571896
 -0.5250675062778054
 0.9431094041993147
 0.8464417909332616
 0.589682302194916
 -2.9045492949814626
 0.3458641890905634
 -0.026028032391606004
 -0.36989716666632244
 -0.07081748712487368
 -0.33255217572251095
 -0.42301119716415503
 -1.258425477537025
 -0.667995486235526
 2.0744923562016186
 0.6767883717313881
 -0.07960799887626102
 0.2193241846693592
 -0.9484961343024256
 -0.9070623754742524
 0.042765093662791465
 0.9298770685735507
 -0.24271373026331577
 -0.47113534780311106
 1.278900306702499
 0.29382027056246596
 1.7717735727630908
 0.10893648379133669
 0.9889077869040479
 -0.4361777487917795
 -0.44750344447146695
 0.7810138967836888
 0.7847537606779182
 1.9808153508509854
 -1.403498233434087
 1.3424477849052536
 -0.7399077322017087
 -1.047880451491645
 0.3915104117996
 -0.39987332581853874
 -0.423244421157559
 1.0502829691682392
 1.3956849993996023
 0.43529915456116974
 1.5064616202666254
 1.476866381103636
 -1.475568383395804
 1.934237608168294
 0.10127569200799869
 0.6796884516493682
 -0.017259192639605736
 0.3221653657608119
 0.3542776768526137
 -0.5910562964115149
 -0.23375221851676464
 -0.160922068576542
 0.02955270203646343
 -1.4947598308530328
 0.9010852693878384
 0.026297094128538312
 -1.240664734039333
 -0.09205997452409509
 0.5038363046228067
 0.9786447951943051
 0.007368270663882015
 -1.1741806799196306
 2.331238772940334
 2.0505938128775156
 0.062921901092718
 -1.2261297744504098
 -0.10927339003726644
 0.8892061737238022
 -2.4155509168112816
 0.0159824704202558
 0.6368461328610318
 -0.9763731495140098
 0.20127934517970214
 0.13827978696145138
 -0.10638527011894805
 1.3641774962906954
 -0.7979825785592398
 0.6546419483577317
 -2.0712164407413733
 -0.9599236139792344
 -0.542502681784705
 -1.3112262680437166
 -0.6233921274969951
 0.492415504945809
 1.2402024517969492
 0.05682373326518597
 -0.9214998150659337
 -1.0444203875895024
 0.05400407734493129
 1.3167029456333674
 -1.0500713794296814
 0.5590772630604857
 -1.5154231502686342
 0.5959884380165663
 -0.6618231824100906
 0.8194499676966425
 -1.2324857262706512
 0.6503277164797465
 0.8531025347448828
 1.6878090231377705
 -0.5128941706220909
 0.26000097551894097
 -0.727457156553835
 0.17914116180581274
 -1.7232181763917893
 1.0371256575403534
 -0.9410840225120545
 -2.319645959523659
 -0.259787449780438
 -0.6458527428617655
 0.26950129525025357
 -0.005395600975131032
 1.475004701156288
 -0.26153896173090185
 0.6253035011874797
 0.46445375373662134
 0.12569463531738378
 1.13703549471471
 0.5038671206219352
 -0.5728050009276968
 -0.9138281192829041
 0.1114255957209398
 -1.205972591020494
 0.10020036403841104
 0.8496357668429297
 -1.3200796677933253
 1.2449820676617724
 -0.22144960286470639
 1.5110165161378042
 -1.0474182755047163
 0.3105854540883142
 -0.11129000598023264
 0.5095975044598688
 0.9780171712120556
 -1.3470960270292505
 -1.9878934089062623
 -0.07314585505902294
 -1.5931413320706138
 -2.044991103291429
 0.8270820154807934
 0.4408893864030672
 -0.8112422261842314
 0.4702708335721031
 0.8446081189851213
 -0.16493350846309074
 0.5047055445982229
 1.7291039099698713
 0.8595009505639233
 0.5858225343040777
 1.6816513193119222
 -0.11397978190416058
 -1.165000072179276
 -0.07601727897781352
 -1.1482325606534936
 -0.7032279492390838
 -0.31734508815259677
 -0.43854741272476083
 0.7739660409830158
 -0.3554190230757923
 -1.4980872707589263
 -1.0711108748346438
 0.1503259466207627
 1.0829804322434917
 -0.07562092698902312
 -1.2757689250465187
 0.7534496735632583
 -0.5826359526496585
 -1.3817057220504214
 0.9084271491801958
 -1.9974394326362823
 0.31248808603450406
 0.6187078373740178
 0.7256141943504995
 0.9633030516281993
 -0.10861563005586916
 -1.5234015900429885
 0.3483186450211466
 -0.10192177424518434
 -0.24085397031591338
 0.3269190056263698
 -0.44581090851933514
 -0.06960006315930478
 -1.1390354569136054
 1.2014335808934078
 0.18782088956033327
 -1.3609363146378204
 1.2282714601343807
 0.22411536853385527
 1.0837412162219753
 -7.929653850900798
 0.09296898824292832
 1.3435412568743281
 0.5291617599065539
 -0.19662582756677072
 -1.0750372107235995
 0.9663428995422265
 -3.160855319732633
 0.0822107245471928
 0.35705522877405915
 -2.37794710187479
 1.780150396526178
 -0.8955977757984934
 0.8900331657004132
 0.2263840244696933
 -0.7728900672689045
 0.2263428564708576
 -1.2458840618917204
 0.4628962657806701
 -0.8989114397047766
 -1.597631403943626
 -1.3595697226764702
 0.5712466227163127
 0.723787674402157
 -1.198302887237408
 1.1132441433875755
 -0.5155098345481148
 0.1552214504823084
 -0.6877952936755491
 -0.9409235425165932
 -0.018346528608853774
 0.15828884239555663
 1.3854338636895243
 0.026650790118535106
 1.2480184675758972
 -0.43564734080678047
 1.6595367199373658
 -1.20552509503315
 0.04318142965101668
 0.0020612388139751303
 1.0396459294690752
 0.7128623147111472
 0.8975295894883999
 0.25437371167809086
 0.32161503777637623
 -0.3191214481023579
 0.48381247318911935
 1.5678505625304275
 0.9808068671331576
 -1.0517138673832287
 0.06007170117332716
 2.6583388836893107
 -1.2994989163753887
 0.3581603007428056
 0.8571561106302399
 0.7440045058303859
 -0.10842505406125902
 0.6660811000342104
 -0.10299550221481724
 -0.12505802959084633
 -1.3646987385314118
 -0.21252903511699728
 0.2777259190176453
 0.5221871841038084
 -0.9534460461624326
 -0.0914060865425883
 1.474810405161783
 -0.2316032265775423
 0.41283366719653714
 -0.4198300532541239
 2.4413364178265597
 -0.09389807847210996
 -0.8240064338232349
 0.18188812972812318
 0.9084009171809377
 2.99903698605371
 1.207588420719337
 1.2067782687422497
 -2.3985088772932635
 -0.3438893914018726
 -1.1662676561434262
 -0.6068057599660897
 0.408280163325319
 0.2935490065701378
 1.8090129477098893
 0.11739889955200322
 -0.6632673343692472
 0.614966397479833
 -0.3524500471597607
 1.311484505780955
 -0.8737089844175507
 -0.41033487752266584
 -0.9103418553815024
 -0.024579352432577473
 -0.8016625624551628
 -1.084095410467416
 0.21871261668665554
 -0.8305041616394666
 1.2037102288290198
 0.6921883952958456
 -0.2745034493642411
 -1.7693262710877633
 -0.5525752814998324
 1.1188069432302488
 1.3196018735513801
 -1.090828018277005
 -1.2768657570154982
 0.546111375427186
 0.8561515026586521
 -0.6466632628388425
 0.6933308112635359
 6.380147250768752
 -1.5274663179280301
 -1.6471310665436798
 0.9304020365587036
 0.03191307796970744
 -0.607353303950604
 1.2086607566890093
 -0.2161989070132062
 -1.6732135138060178
 0.6171006774194714
 0.8304262473862121
 -0.578998664752528
 -0.6862189737201305
 -0.46642949993620153
 -1.2125428068346755
 1.7822942124655468
 1.1299881989140212
 0.37829561217334007
 -0.745913604031851
 0.8842822058630615
 -0.5255009702655462
 0.050274421450413165
 0.12091607545253069
 -2.0098304402858407
 -1.0138398684543786
 0.4730888654924037
 -0.7855538109107494
 0.004632446741256402
 -0.211500155146096
 1.4553143977131677
 0.42064022697575254
 0.06641181299401655
 -2.179641499483256
 0.3333913414433196
 -0.9568594780658941
 -1.3433178991361032
 -0.10483337416283867
 -0.857892480864872
 0.10827703580998715
 -1.4586284078748992
 1.2584083392820515
 1.0347972816062043
 -0.5330276820526763
 -0.17602865214929864
 0.04744850153033564
 -0.7858552589022239
 0.4029517234760176
 0.6724554278539321
 -0.4298819489698369
 0.3793707641429327
 -0.7601685636286932
 0.2138437288243571
 0.3662142685150238
 -0.42976778897306556
 -0.28529652105899217
 -0.6572143905404362
 -1.3026614602859459
 -0.8191988419592029
 2.739233489401455
 0.16750542613489383
 -0.6621528304007676
 0.773468576997085
 -0.0773291349407117
 0.2902735346627745
 -1.1301705691643216
 0.09319966823640424
 -0.5788261927574059
 -0.824477825809903
 0.007566358658279704
 1.0027084425137387
 -0.9098691753948707
 0.5084152404933056
 -2.058127094919918
 0.6296003650659561
 -0.40971253354026693
 -0.6393263750463438
 0.5783844145144421
 0.22417595253214184
 -1.1378305529476824
 -1.7933909504071677
 -0.565488873134611
 -0.49255383519735485
 -0.6923934855455034
 -1.6443057066235864
 -1.5588253730411354
 1.2415944837575799
 -0.14069642914856217
 -1.4672511036310327
 -2.036214983539635
 1.8039185958539674
 -0.9545616621308808
 0.23985364008874654
 -0.5287993141722627
 -0.8152565300706991
 0.8195881756927337
 0.13155914715152406
 0.9466775800983998
 -0.2823299931428913
 1.3089239778533717
 -0.1247681175990456
 -0.131208045416912
 0.4396465544382169
 -1.1953852553199242
 0.4720542975216633
 -1.754763271499633
 1.7420587176034843
 -2.316862495602381
 0.7898404005340582
 -1.1096255217453752
 0.3535779328724038
 -2.641522382420372
 9.519611573597443
 -0.07654899096277568
 0.46661982567536064
 0.9874676989447764
 1.473438325200588
 -0.2121243871284415
 -0.7030719812434949
 -1.300383676350366
 0.12490068333983828
 -1.2884008126892645
 0.4569513939488026
 0.7125737387193087
 -0.9495793902717891
 0.24738091187586075
 -0.8894464479724649
 -0.14210483710872968
 1.6161316491649451
 -1.0614978991065174
 0.9247474607186259
 0.34034775724657873
 -1.556167613116302
 0.4626615857873073
 0.036683141834800814
 -0.4146543974005015
 1.5027066443728234
 1.8711777059517498
 -1.2408492140341156
 1.0586164409325525
 0.7249599703690022
 -0.7775355551375212
 -0.016471744661876286
 0.5492742233377346
 0.5063726645510735
 0.22391104053963407
 1.7585985651357054
 0.9513147639672512
 0.36700010049279896
 0.302065958329262
 -0.29409080081027295
 -1.0363772198169787
 -1.2456705178977598
 -1.0234382521829177
 -0.4701722118303504
 0.32741289361240167
 -0.9433011744493491
 -1.1965732392863258
 -0.8233132978428381
 0.17761936984885196
 -0.3966095339108451
 -0.07704283094880893
 -1.5595201570214856
 -1.5710626126950427
 -0.6679930782355941
 -0.45593012423314416
 1.9141137927374343
 -0.19231640368864955
 -0.6790221099236717
 0.2742906951148001
 0.7449981618022834
 1.3834111117467316
 1.076074600438802
 0.49053464099900346
 2.3333340768810746
 1.0668515206996485
 -0.1638451964938703
 -0.7523720918491925
 -1.9714611053709996
 -0.33369997569004894
 -0.2632100096836414
 1.5453912351656207
 1.0693848806280002
 -1.362614290590364
 -1.500680598685582
 -0.28754212899548204
 0.7194029145261664
 0.4762448094031475
 0.8215542716371287
 -0.1760482521487443
 0.5670248228357133
 -0.370876358638629
 2.2483975192832446
 0.9683732434848045
 -1.3229317317126634
 -1.1727824079591764
 0.16640657816597137
 -0.21786727496602154
 -0.6059031679916167
 0.2786572709913049
 0.22622214447427158
 1.0990334077894826
 -0.2973952327168172
 0.5035632966305279
 0.6723152838578956
 0.353927724862511
 0.3223365737559698
 0.3352290453913458
 -0.12103945370449942
 1.0857273281658042
 0.2671193913176184
 0.19454310537021602
 -0.0049650649873074215
 1.65762863999133
 1.4118248869431351
 -0.86463219267426
 0.10776897182435619
 -0.809821298224418
 -0.46820588388596196
 1.3519187926373952
 -0.3602230309399257
 -0.8270159377381203
 1.3766235439386971
 3.4781875672627347
