 -270.00001072883606 19.
 -252.00001001358032 26.
 -234.00000929832458 20.
 -216.00000858306885 21.
 -198.0000078678131 30.
 -180.00000715255737 22.
 -162.00000643730164 22.
 -144.0000057220459 33.
 -126.00000500679016 40.
 -108.00000429153442 94.
 -90.00000357627869 59.
 -72.00000286102295 69.
 -54.00000214576721 80.
 -36.000001430511475 84.
 -18.000000715255737 136.
 0. 378.
 18.000000715255737 165.
 36.000001430511475 78.
 54.00000214576721 110.
 72.00000286102295 89.
 90.00000357627869 87.
 108.00000429153442 82.
 126.00000500679016 78.
 144.0000057220459 73.
 162.00000643730164 92.
 180.00000715255737 78.
 198.0000078678131 43.
 216.00000858306885 22.
 234.00000929832458 18.
 252.00001001358032 14.
 270.00001072883606 9.
