 -120.00000476837158 0.
 -112.00000445048015 0.
 -104.0000041325887 2.
 -96.00000381469727 2.
 -88.00000349680583 0.
 -80.00000317891438 1.
 -72.00000286102295 7.
 -64.00000254313152 8.
 -56.000002225240074 148.
 -48.00000190734863 236.
 -40.00000158945719 254.
 -32.00000127156576 342.
 -24.000000953674316 272.
 -16.00000063578288 344.
 -8.00000031789144 392.
 0. 905.
 8.00000031789144 408.
 16.00000063578288 230.
 24.000000953674316 227.
 32.00000127156576 259.
 40.00000158945719 381.
 48.00000190734863 320.
 56.000002225240074 180.
 64.00000254313152 16.
 72.00000286102295 16.
 80.00000317891438 8.
 88.00000349680583 7.
 96.00000381469727 3.
 104.0000041325887 7.
 112.00000445048015 1.
 120.00000476837158 4.
