 -30.000001192092896 52.
 -28.000001112620037 102.
 -26.000001033147175 199.
 -24.000000953674316 332.
 -22.000000874201458 625.
 -20.000000794728596 1032.
 -18.000000715255737 1431.
 -16.00000063578288 1924.
 -14.000000556310018 2265.
 -12.000000476837158 2374.
 -10.000000397364298 2399.
 -8.00000031789144 2239.
 -6.000000238418579 1749.
 -4.00000015894572 1265.
 -2.00000007947286 779.
 0. 846.
 2.00000007947286 169.
 4.00000015894572 89.
 6.000000238418579 42.
 8.00000031789144 22.
 10.000000397364298 15.
 12.000000476837158 3.
 14.000000556310018 2.
 16.00000063578288 0.
 18.000000715255737 0.
 20.000000794728596 0.
 22.000000874201458 0.
 24.000000953674316 0.
 26.000001033147175 0.
 28.000001112620037 0.
 30.000001192092896 0.
