 -75. 0.
 -74.5 0.
 -74. 0.
 -73.5 0.
 -73. 0.
 -72.5 0.
 -72. 1.
 -71.5 0.
 -71. 0.
 -70.5 0.
 -70. 0.
 -69.5 1.
 -69. 0.
 -68.5 0.
 -68. 1.
 -67.5 2.
 -67. 4.
 -66.5 7.
 -66. 8.
 -65.5 18.
 -65. 11.
 -64.5 87.
 -64. 82.
 -63.5 1506.
 -63. 1509.
 -62.5 966.
 -62. 941.
 -61.5 752.
 -61. 1342.
 -60.5 1612.
 -60. 139.
 -59.5 1477.
 -59. 443.
 -58.5 539.
 -58. 785.
 -57.5 879.
 -57. 4251.
 -56.5 1327.
 -56. 816.
 -55.5 2446.
 -55. 2596.
 -54.5 3917.
 -54. 3452.
 -53.5 2393.
 -53. 2030.
 -52.5 2385.
 -52. 4948.
 -51.5 4077.
 -51. 4691.
 -50.5 5658.
 -50. 6684.
 -49.5 5905.
 -49. 6406.
 -48.5 6386.
 -48. 5802.
 -47.5 5850.
 -47. 8316.
 -46.5 9694.
 -46. 10930.
 -45.5 9630.
 -45. 11898.
 -44.5 14097.
 -44. 13626.
 -43.5 12601.
 -43. 16464.
 -42.5 16279.
 -42. 17311.
 -41.5 20733.
 -41. 19880.
 -40.5 22173.
 -40. 22742.
 -39.5 23844.
 -39. 24018.
 -38.5 28166.
 -38. 27186.
 -37.5 30512.
 -37. 34071.
 -36.5 34502.
 -36. 35638.
 -35.5 36034.
 -35. 37680.
 -34.5 40307.
 -34. 43488.
 -33.5 44161.
 -33. 44952.
 -32.5 48083.
 -32. 49008.
 -31.5 50439.
 -31. 53606.
 -30.5 52969.
 -30. 56518.
 -29.5 56361.
 -29. 55882.
 -28.5 58458.
 -28. 58573.
 -27.5 58853.
 -27. 59570.
 -26.5 59327.
 -26. 62604.
 -25.5 60544.
 -25. 59695.
 -24.5 63552.
 -24. 63031.
 -23.5 60014.
 -23. 58929.
 -22.5 59080.
 -22. 59001.
 -21.5 60525.
 -21. 57410.
 -20.5 56547.
 -20. 56498.
 -19.5 54857.
 -19. 55498.
 -18.5 54401.
 -18. 52809.
 -17.5 52241.
 -17. 50972.
 -16.5 51819.
 -16. 49858.
 -15.5 48385.
 -15. 47959.
 -14.5 47419.
 -14. 46434.
 -13.5 45480.
 -13. 44427.
 -12.5 43921.
 -12. 44184.
 -11.5 43903.
 -11. 42029.
 -10.5 40777.
 -10. 41204.
 -9.5 39710.
 -9. 39500.
 -8.5 38835.
 -8. 38437.
 -7.5 37902.
 -7. 37594.
 -6.5 37230.
 -6. 37635.
 -5.5 36455.
 -5. 36280.
 -4.5 36194.
 -4. 36309.
 -3.5 35362.
 -3. 35521.
 -2.5 35361.
 -2. 35063.
 -1.5 35357.
 -1. 34726.
 -0.5 35089.
 0. 71155.
 0.5 34885.
 1. 34748.
 1.5 34967.
 2. 35228.
 2.5 36199.
 3. 35902.
 3.5 36294.
 4. 35879.
 4.5 35647.
 5. 36315.
 5.5 36700.
 6. 36367.
 6.5 37336.
 7. 37359.
 7.5 38063.
 8. 38579.
 8.5 39089.
 9. 39808.
 9.5 39981.
 10. 40822.
 10.5 41175.
 11. 43172.
 11.5 42169.
 12. 43518.
 12.5 44244.
 13. 44614.
 13.5 45789.
 14. 47451.
 14.5 48100.
 15. 48829.
 15.5 48388.
 16. 48795.
 16.5 51376.
 17. 50854.
 17.5 52940.
 18. 53370.
 18.5 53544.
 19. 55457.
 19.5 55185.
 20. 56547.
 20.5 56363.
 21. 57095.
 21.5 57726.
 22. 58873.
 22.5 61327.
 23. 59013.
 23.5 62282.
 24. 60641.
 24.5 62770.
 25. 63029.
 25.5 60068.
 26. 60178.
 26.5 60952.
 27. 60856.
 27.5 59445.
 28. 60181.
 28.5 57333.
 29. 57288.
 29.5 57048.
 30. 57800.
 30.5 56025.
 31. 52473.
 31.5 50770.
 32. 48304.
 32.5 49539.
 33. 46435.
 33.5 45337.
 34. 42005.
 34.5 41294.
 35. 41438.
 35.5 36179.
 36. 34536.
 36.5 31514.
 37. 31680.
 37.5 29375.
 38. 27702.
 38.5 26219.
 39. 21733.
 39.5 22123.
 40. 23154.
 40.5 20820.
 41. 20839.
 41.5 16117.
 42. 17251.
 42.5 15294.
 43. 13526.
 43.5 13991.
 44. 13312.
 44.5 11458.
 45. 9663.
 45.5 9769.
 46. 13326.
 46.5 9299.
 47. 9124.
 47.5 7832.
 48. 9320.
 48.5 6973.
 49. 8326.
 49.5 5969.
 50. 6034.
 50.5 6390.
 51. 6011.
 51.5 4000.
 52. 3740.
 52.5 4079.
 53. 4305.
 53.5 2997.
 54. 2460.
 54.5 3154.
 55. 2972.
 55.5 1558.
 56. 2998.
 56.5 4533.
 57. 3177.
 57.5 2670.
 58. 1944.
 58.5 856.
 59. 1273.
 59.5 1526.
 60. 1386.
 60.5 357.
 61. 309.
 61.5 298.
 62. 1233.
 62.5 619.
 63. 162.
 63.5 147.
 64. 151.
 64.5 1551.
 65. 144.
 65.5 158.
 66. 199.
 66.5 296.
 67. 134.
 67.5 11.
 68. 728.
 68.5 9.
 69. 0.
 69.5 0.
 70. 0.
 70.5 0.
 71. 0.
 71.5 0.
 72. 0.
 72.5 0.
 73. 0.
 73.5 0.
 74. 0.
 74.5 0.
 75. 0.
