 -750.0000298023224 0.
 -700.0000278155009 0.
 -650.0000258286794 0.
 -600.0000238418579 0.
 -550.0000218550364 0.
 -500.0000198682149 0.
 -450.00001788139343 2.
 -400.00001589457196 0.
 -350.00001390775043 0.
 -300.00001192092896 2.
 -250.00000993410745 3.
 -200.00000794728598 4.
 -150.00000596046448 3.
 -100.00000397364299 13.
 -50.000001986821495 17.
 0. 40.
 50.000001986821495 28.
 100.00000397364299 26.
 150.00000596046448 53.
 200.00000794728598 65.
 250.00000993410745 62.
 300.00001192092896 83.
 350.00001390775043 68.
 400.00001589457196 56.
 450.00001788139343 59.
 500.0000198682149 57.
 550.0000218550364 36.
 600.0000238418579 47.
 650.0000258286794 25.
 700.0000278155009 15.
 750.0000298023224 16.
