 -45. 0.
 -44.7 0.
 -44.4 0.
 -44.1 0.
 -43.8 0.
 -43.5 0.
 -43.2 1.
 -42.9 0.
 -42.6 0.
 -42.3 0.
 -42. 2.
 -41.7 6.
 -41.4 3.
 -41.1 4.
 -40.8 5.
 -40.5 6.
 -40.2 9.
 -39.9 11.
 -39.6 6.
 -39.3 48.
 -39. 71.
 -38.7 53.
 -38.4 56.
 -38.1 66.
 -37.8 16655.
 -37.5 214.
 -37.2 158.
 -36.9 146.
 -36.6 159.
 -36.3 1600.
 -36. 667.
 -35.7 1385.
 -35.4 5358.
 -35.1 1152.
 -34.8 5028.
 -34.5 9069.
 -34.2 6424.
 -33.9 15466.
 -33.6 9285.
 -33.3 23575.
 -33. 15591.
 -32.7 8878.
 -32.4 5301.
 -32.1 14692.
 -31.8 16744.
 -31.5 16709.
 -31.2 26127.
 -30.9 28950.
 -30.6 26222.
 -30.3 24975.
 -30. 26486.
 -29.7 36920.
 -29.4 19534.
 -29.1 40961.
 -28.8 29794.
 -28.5 46335.
 -28.2 48129.
 -27.9 40598.
 -27.6 55655.
 -27.3 40094.
 -27. 31172.
 -26.7 26406.
 -26.4 37731.
 -26.1 58022.
 -25.8 73745.
 -25.5 46984.
 -25.2 38852.
 -24.9 47567.
 -24.6 44810.
 -24.3 53919.
 -24. 71569.
 -23.7 58727.
 -23.4 74235.
 -23.1 60672.
 -22.8 57479.
 -22.5 78603.
 -22.2 67145.
 -21.9 85323.
 -21.6 68414.
 -21.3 97565.
 -21. 80154.
 -20.7 71657.
 -20.4 80730.
 -20.1 83890.
 -19.8 75772.
 -19.5 80573.
 -19.2 105632.
 -18.9 81312.
 -18.6 71923.
 -18.3 94142.
 -18. 83813.
 -17.7 94471.
 -17.4 78592.
 -17.1 86401.
 -16.8 77768.
 -16.5 86492.
 -16.2 108215.
 -15.9 80670.
 -15.6 94649.
 -15.3 90535.
 -15. 93797.
 -14.7 81767.
 -14.4 74819.
 -14.1 76749.
 -13.8 71706.
 -13.5 70697.
 -13.2 81912.
 -12.9 78761.
 -12.6 80955.
 -12.3 83071.
 -12. 81538.
 -11.7 66752.
 -11.4 79072.
 -11.1 90905.
 -10.8 68475.
 -10.5 86444.
 -10.2 70437.
 -9.9 65349.
 -9.6 63474.
 -9.3 65386.
 -9. 72179.
 -8.7 72045.
 -8.4 55987.
 -8.1 59587.
 -7.8 62264.
 -7.5 57151.
 -7.2 52935.
 -6.9 53638.
 -6.6 63212.
 -6.3 51849.
 -6. 57874.
 -5.7 48324.
 -5.4 50055.
 -5.1 56184.
 -4.8 53232.
 -4.5 59101.
 -4.2 47261.
 -3.9 43225.
 -3.6 44444.
 -3.3 50482.
 -3. 43991.
 -2.7 43273.
 -2.4 43520.
 -2.1 40927.
 -1.8 45618.
 -1.5 40447.
 -1.2 40104.
 -0.9 39671.
 -0.6 39433.
 -0.3 41558.
 0. 78925.
 0.3 42558.
 0.6 39964.
 0.9 47318.
 1.2 49301.
 1.5 42278.
 1.8 40971.
 2.1 45611.
 2.4 43917.
 2.7 44539.
 3. 44785.
 3.3 43814.
 3.6 51886.
 3.9 46742.
 4.2 51904.
 4.5 47552.
 4.8 53326.
 5.1 53567.
 5.4 58939.
 5.7 53775.
 6. 48444.
 6.3 51492.
 6.6 56306.
 6.9 53994.
 7.2 61781.
 7.5 58699.
 7.8 56888.
 8.1 57264.
 8.4 57519.
 8.7 59881.
 9. 76614.
 9.3 57956.
 9.6 67549.
 9.9 71884.
 10.2 74384.
 10.5 70220.
 10.8 65487.
 11.1 75905.
 11.4 78388.
 11.7 95855.
 12. 94979.
 12.3 75359.
 12.6 88837.
 12.9 84477.
 13.2 69371.
 13.5 81983.
 13.8 83904.
 14.1 89031.
 14.4 82293.
 14.7 79874.
 15. 87801.
 15.3 82375.
 15.6 74984.
 15.9 96500.
 16.2 84898.
 16.5 97217.
 16.8 94445.
 17.1 82989.
 17.4 79962.
 17.7 88068.
 18. 92614.
 18.3 94938.
 18.6 93634.
 18.9 92592.
 19.2 97420.
 19.5 87210.
 19.8 105560.
 20.1 73286.
 20.4 71614.
 20.7 73186.
 21. 50512.
 21.3 86474.
 21.6 72371.
 21.9 69006.
 22.2 70700.
 22.5 94216.
 22.8 66765.
 23.1 60140.
 23.4 53058.
 23.7 56594.
 24. 61183.
 24.3 46538.
 24.6 57203.
 24.9 54538.
 25.2 56452.
 25.5 64665.
 25.8 53972.
 26.1 65987.
 26.4 49622.
 26.7 22267.
 27. 64775.
 27.3 43043.
 27.6 49354.
 27.9 27158.
 28.2 58642.
 28.5 34116.
 28.8 52969.
 29.1 32103.
 29.4 12709.
 29.7 9079.
 30. 11776.
 30.3 22504.
 30.6 24999.
 30.9 14109.
 31.2 21242.
 31.5 11640.
 31.8 14460.
 32.1 8270.
 32.4 8796.
 32.7 14524.
 33. 27409.
 33.3 6761.
 33.6 4104.
 33.9 2311.
 34.2 10193.
 34.5 11902.
 34.8 11701.
 35.1 6487.
 35.4 3310.
 35.7 545.
 36. 2367.
 36.3 5949.
 36.6 4460.
 36.9 259.
 37.2 81.
 37.5 74.
 37.8 54.
 38.1 46.
 38.4 5777.
 38.7 440.
 39. 27.
 39.3 5760.
 39.6 14.
 39.9 11.
 40.2 721.
 40.5 5751.
 40.8 8.
 41.1 1.
 41.4 2.
 41.7 3.
 42. 1.
 42.3 0.
 42.6 2.
 42.9 2.
 43.2 1.
 43.5 0.
 43.8 1.
 44.1 0.
 44.4 0.
 44.7 0.
 45. 0.
