 -15. 0.
 -14.9 0.
 -14.8 0.
 -14.7 0.
 -14.6 0.
 -14.5 0.
 -14.4 0.
 -14.3 0.
 -14.2 0.
 -14.1 0.
 -14. 0.
 -13.9 0.
 -13.8 19999.
 -13.7 0.
 -13.6 0.
 -13.5 0.
 -13.4 45.
 -13.3 79044.
 -13.2 4.
 -13.1 2.
 -13. 2.
 -12.9 2.
 -12.8 2.
 -12.7 2.
 -12.6 131.
 -12.5 77.
 -12.4 20064.
 -12.3 47.
 -12.2 20045.
 -12.1 40.
 -12. 1421.
 -11.9 1903.
 -11.8 1135.
 -11.7 80002.
 -11.6 4191.
 -11.5 42432.
 -11.4 1860.
 -11.3 79785.
 -11.2 82922.
 -11.1 24813.
 -11. 24633.
 -10.9 2165.
 -10.8 23905.
 -10.7 43605.
 -10.6 122903.
 -10.5 102550.
 -10.4 3676.
 -10.3 82540.
 -10.2 65626.
 -10.1 68770.
 -10. 51018.
 -9.9 11590.
 -9.8 107474.
 -9.7 86896.
 -9.6 28281.
 -9.5 188827.
 -9.4 327182.
 -9.3 160764.
 -9.2 90581.
 -9.1 150783.
 -9. 109466.
 -8.9 89003.
 -8.8 209830.
 -8.7 72277.
 -8.6 127194.
 -8.5 129653.
 -8.4 148907.
 -8.3 91418.
 -8.2 247177.
 -8.1 268587.
 -8. 207703.
 -7.9 88997.
 -7.8 179813.
 -7.7 256100.
 -7.6 97723.
 -7.5 256813.
 -7.4 241310.
 -7.3 223091.
 -7.2 309847.
 -7.1 143317.
 -7. 108596.
 -6.9 203116.
 -6.8 212042.
 -6.7 165309.
 -6.6 196756.
 -6.5 415446.
 -6.4 236615.
 -6.3 212876.
 -6.2 266669.
 -6.1 363890.
 -6. 228191.
 -5.9 238606.
 -5.8 301087.
 -5.7 268588.
 -5.6 199566.
 -5.5 176235.
 -5.4 224298.
 -5.3 222163.
 -5.2 315524.
 -5.1 197201.
 -5. 331061.
 -4.9 362866.
 -4.8 215088.
 -4.7 209568.
 -4.6 334138.
 -4.5 274493.
 -4.4 401176.
 -4.3 283273.
 -4.2 222724.
 -4.1 277024.
 -4. 116860.
 -3.9 287639.
 -3.8 166265.
 -3.7 264725.
 -3.6 197244.
 -3.5 146344.
 -3.4 282584.
 -3.3 150161.
 -3.2 345830.
 -3.1 203132.
 -3. 254741.
 -2.9 360411.
 -2.8 266435.
 -2.7 162183.
 -2.6 136840.
 -2.5 116721.
 -2.4 218339.
 -2.3 104092.
 -2.2 136244.
 -2.1 163363.
 -2. 125832.
 -1.9 115959.
 -1.8 175590.
 -1.7 162040.
 -1.6 115489.
 -1.5 163924.
 -1.4 175694.
 -1.3 169715.
 -1.2 148956.
 -1.1 182133.
 -1. 282003.
 -0.9 85608.
 -0.8 153804.
 -0.7 104255.
 -0.6 269882.
 -0.5 128238.
 -0.4 153537.
 -0.3 179677.
 -0.2 110229.
 -0.1 198437.
 0. 324838.
 0.1 117029.
 0.2 126483.
 0.3 86361.
 0.4 159161.
 0.5 122992.
 0.6 196425.
 0.7 107731.
 0.8 175639.
 0.9 144019.
 1. 176923.
 1.1 116667.
 1.2 128482.
 1.3 172727.
 1.4 129709.
 1.5 237906.
 1.6 149734.
 1.7 119142.
 1.8 155135.
 1.9 93613.
 2. 131397.
 2.1 99927.
 2.2 144182.
 2.3 120313.
 2.4 228834.
 2.5 164370.
 2.6 129144.
 2.7 194579.
 2.8 211734.
 2.9 195893.
 3. 298543.
 3.1 151332.
 3.2 237455.
 3.3 316843.
 3.4 259309.
 3.5 173923.
 3.6 365347.
 3.7 140597.
 3.8 144323.
 3.9 105799.
 4. 249685.
 4.1 218635.
 4.2 275343.
 4.3 194127.
 4.4 281979.
 4.5 175843.
 4.6 165441.
 4.7 311543.
 4.8 242791.
 4.9 80540.
 5. 237694.
 5.1 377120.
 5.2 237612.
 5.3 118377.
 5.4 231004.
 5.5 165212.
 5.6 139835.
 5.7 262538.
 5.8 129412.
 5.9 118000.
 6. 153757.
 6.1 144867.
 6.2 127717.
 6.3 113260.
 6.4 255434.
 6.5 140577.
 6.6 285234.
 6.7 310782.
 6.8 121010.
 6.9 147422.
 7. 272651.
 7.1 346955.
 7.2 209231.
 7.3 238727.
 7.4 166553.
 7.5 202802.
 7.6 145969.
 7.7 260365.
 7.8 238764.
 7.9 22048.
 8. 38003.
 8.1 319454.
 8.2 84217.
 8.3 278189.
 8.4 166987.
 8.5 67889.
 8.6 137247.
 8.7 244019.
 8.8 113919.
 8.9 215346.
 9. 102362.
 9.1 220354.
 9.2 29918.
 9.3 85146.
 9.4 106537.
 9.5 91081.
 9.6 110856.
 9.7 110447.
 9.8 203638.
 9.9 165034.
 10. 84226.
 10.1 164257.
 10.2 165100.
 10.3 45403.
 10.4 240404.
 10.5 4137.
 10.6 42948.
 10.7 80875.
 10.8 99509.
 10.9 41297.
 11. 22137.
 11.1 1636.
 11.2 40254.
 11.3 59791.
 11.4 35.
 11.5 33.
 11.6 40.
 11.7 12.
 11.8 16.
 11.9 20064.
 12. 119062.
 12.1 21.
 12.2 13.
 12.3 79036.
 12.4 20032.
 12.5 25.
 12.6 29.
 12.7 18.
 12.8 6.
 12.9 9.
 13. 79048.
 13.1 48.
 13.2 79037.
 13.3 49.
 13.4 29.
 13.5 0.
 13.6 0.
 13.7 0.
 13.8 0.
 13.9 0.
 14. 0.
 14.1 0.
 14.2 0.
 14.3 0.
 14.4 0.
 14.5 0.
 14.6 0.
 14.7 0.
 14.8 0.
 14.9 0.
 15. 0.
