 -270.00001072883606 17.
 -252.00001001358032 10.
 -234.00000929832458 29.
 -216.00000858306885 38.
 -198.0000078678131 36.
 -180.00000715255737 33.
 -162.00000643730164 51.
 -144.0000057220459 53.
 -126.00000500679016 49.
 -108.00000429153442 54.
 -90.00000357627869 70.
 -72.00000286102295 64.
 -54.00000214576721 80.
 -36.000001430511475 77.
 -18.000000715255737 68.
 0. 170.
 18.000000715255737 105.
 36.000001430511475 89.
 54.00000214576721 91.
 72.00000286102295 78.
 90.00000357627869 97.
 108.00000429153442 90.
 126.00000500679016 91.
 144.0000057220459 80.
 162.00000643730164 77.
 180.00000715255737 82.
 198.0000078678131 72.
 216.00000858306885 64.
 234.00000929832458 49.
 252.00001001358032 38.
 270.00001072883606 32.
