 -30.000001192092896 148.
 -28.000001112620037 112.
 -26.000001033147175 115.
 -24.000000953674316 132.
 -22.000000874201458 126.
 -20.000000794728596 136.
 -18.000000715255737 134.
 -16.00000063578288 134.
 -14.000000556310018 126.
 -12.000000476837158 115.
 -10.000000397364298 110.
 -8.00000031789144 121.
 -6.000000238418579 123.
 -4.00000015894572 112.
 -2.00000007947286 112.
 0. 280.
 2.00000007947286 117.
 4.00000015894572 137.
 6.000000238418579 130.
 8.00000031789144 115.
 10.000000397364298 159.
 12.000000476837158 120.
 14.000000556310018 128.
 16.00000063578288 138.
 18.000000715255737 143.
 20.000000794728596 132.
 22.000000874201458 128.
 24.000000953674316 130.
 26.000001033147175 151.
 28.000001112620037 122.
 30.000001192092896 119.
