 -75. 0.
 -74.5 0.
 -74. 0.
 -73.5 0.
 -73. 0.
 -72.5 0.
 -72. 0.
 -71.5 0.
 -71. 0.
 -70.5 0.
 -70. 1.
 -69.5 0.
 -69. 0.
 -68.5 0.
 -68. 0.
 -67.5 1.
 -67. 6.
 -66.5 3.
 -66. 2.
 -65.5 5.
 -65. 8.
 -64.5 7.
 -64. 5.
 -63.5 9.
 -63. 8.
 -62.5 683.
 -62. 28.
 -61.5 29.
 -61. 1512.
 -60.5 53.
 -60. 758.
 -59.5 875.
 -59. 879.
 -58.5 2967.
 -58. 1290.
 -57.5 1631.
 -57. 1040.
 -56.5 5843.
 -56. 2067.
 -55.5 2360.
 -55. 2596.
 -54.5 3135.
 -54. 2153.
 -53.5 1496.
 -53. 2105.
 -52.5 3447.
 -52. 3815.
 -51.5 2998.
 -51. 2860.
 -50.5 4053.
 -50. 4272.
 -49.5 8291.
 -49. 4810.
 -48.5 6775.
 -48. 6363.
 -47.5 6426.
 -47. 8572.
 -46.5 9355.
 -46. 7062.
 -45.5 11434.
 -45. 12676.
 -44.5 11100.
 -44. 9900.
 -43.5 11483.
 -43. 12627.
 -42.5 14588.
 -42. 15322.
 -41.5 15003.
 -41. 20241.
 -40.5 22349.
 -40. 19654.
 -39.5 23477.
 -39. 21434.
 -38.5 24597.
 -38. 26822.
 -37.5 30071.
 -37. 34677.
 -36.5 32249.
 -36. 34426.
 -35.5 38814.
 -35. 40512.
 -34.5 40115.
 -34. 43164.
 -33.5 44179.
 -33. 45073.
 -32.5 49659.
 -32. 48930.
 -31.5 51254.
 -31. 52349.
 -30.5 52553.
 -30. 57472.
 -29.5 59078.
 -29. 59175.
 -28.5 57295.
 -28. 59137.
 -27.5 60721.
 -27. 59998.
 -26.5 60113.
 -26. 60969.
 -25.5 62983.
 -25. 62045.
 -24.5 61091.
 -24. 62773.
 -23.5 60230.
 -23. 60006.
 -22.5 63521.
 -22. 60070.
 -21.5 57889.
 -21. 57727.
 -20.5 57572.
 -20. 57101.
 -19.5 55677.
 -19. 54848.
 -18.5 55150.
 -18. 53670.
 -17.5 52458.
 -17. 51632.
 -16.5 51006.
 -16. 50198.
 -15.5 48590.
 -15. 48624.
 -14.5 48158.
 -14. 46274.
 -13.5 45413.
 -13. 45539.
 -12.5 44616.
 -12. 44373.
 -11.5 44282.
 -11. 41988.
 -10.5 41510.
 -10. 40747.
 -9.5 40244.
 -9. 39520.
 -8.5 40024.
 -8. 38681.
 -7.5 38479.
 -7. 37881.
 -6.5 37195.
 -6. 37247.
 -5.5 37039.
 -5. 36336.
 -4.5 36185.
 -4. 35557.
 -3.5 35777.
 -3. 35703.
 -2.5 35718.
 -2. 35473.
 -1.5 35187.
 -1. 35178.
 -0.5 35116.
 0. 70520.
 0.5 35018.
 1. 35216.
 1.5 35580.
 2. 35922.
 2.5 35414.
 3. 35684.
 3.5 36024.
 4. 36168.
 4.5 36084.
 5. 37060.
 5.5 37045.
 6. 37963.
 6.5 37700.
 7. 39270.
 7.5 39025.
 8. 39102.
 8.5 39814.
 9. 39821.
 9.5 41883.
 10. 41324.
 10.5 41326.
 11. 43341.
 11.5 42669.
 12. 46041.
 12.5 44338.
 13. 45815.
 13.5 45990.
 14. 47167.
 14.5 48176.
 15. 49654.
 15.5 50997.
 16. 50634.
 16.5 51536.
 17. 52847.
 17.5 53166.
 18. 53024.
 18.5 53791.
 19. 54808.
 19.5 55505.
 20. 58616.
 20.5 58645.
 21. 62418.
 21.5 59095.
 22. 61055.
 22.5 61299.
 23. 60302.
 23.5 60840.
 24. 60381.
 24.5 61302.
 25. 60825.
 25.5 63303.
 26. 62161.
 26.5 60757.
 27. 61223.
 27.5 59812.
 28. 60218.
 28.5 58597.
 29. 60223.
 29.5 58399.
 30. 56010.
 30.5 53692.
 31. 54625.
 31.5 50477.
 32. 49825.
 32.5 48329.
 33. 45503.
 33.5 45386.
 34. 40728.
 34.5 40631.
 35. 39700.
 35.5 39104.
 36. 34229.
 36.5 34142.
 37. 31086.
 37.5 30697.
 38. 30092.
 38.5 26468.
 39. 23849.
 39.5 23821.
 40. 18622.
 40.5 18844.
 41. 17545.
 41.5 16259.
 42. 18341.
 42.5 13717.
 43. 13516.
 43.5 12894.
 44. 15801.
 44.5 10444.
 45. 9846.
 45.5 9024.
 46. 10235.
 46.5 8111.
 47. 7296.
 47.5 6698.
 48. 8330.
 48.5 4997.
 49. 5149.
 49.5 6010.
 50. 3635.
 50.5 6010.
 51. 2131.
 51.5 1982.
 52. 3292.
 52.5 2393.
 53. 1938.
 53.5 764.
 54. 4337.
 54.5 2682.
 55. 1945.
 55.5 4615.
 56. 2018.
 56.5 1825.
 57. 1923.
 57.5 3155.
 58. 4169.
 58.5 1471.
 59. 826.
 59.5 903.
 60. 792.
 60.5 2962.
 61. 2942.
 61.5 816.
 62. 26.
 62.5 25.
 63. 19.
 63.5 11.
 64. 9.
 64.5 2.
 65. 7.
 65.5 4.
 66. 5.
 66.5 5.
 67. 705.
 67.5 3.
 68. 1.
 68.5 1.
 69. 0.
 69.5 0.
 70. 0.
 70.5 0.
 71. 0.
 71.5 0.
 72. 0.
 72.5 0.
 73. 0.
 73.5 0.
 74. 0.
 74.5 0.
 75. 0.
