 -30.000001192092896 3.
 -28.000001112620037 3.
 -26.000001033147175 3.
 -24.000000953674316 2.
 -22.000000874201458 4.
 -20.000000794728596 2.
 -18.000000715255737 3.
 -16.00000063578288 4.
 -14.000000556310018 2.
 -12.000000476837158 4.
 -10.000000397364298 6.
 -8.00000031789144 4.
 -6.000000238418579 5.
 -4.00000015894572 8.
 -2.00000007947286 22.
 0. 64.
 2.00000007947286 52.
 4.00000015894572 48.
 6.000000238418579 36.
 8.00000031789144 39.
 10.000000397364298 48.
 12.000000476837158 71.
 14.000000556310018 83.
 16.00000063578288 90.
 18.000000715255737 0.
 20.000000794728596 0.
 22.000000874201458 0.
 24.000000953674316 0.
 26.000001033147175 0.
 28.000001112620037 0.
 30.000001192092896 0.
