 -30.000001192092896 223.
 -28.000001112620037 210.
 -26.000001033147175 202.
 -24.000000953674316 189.
 -22.000000874201458 196.
 -20.000000794728596 174.
 -18.000000715255737 223.
 -16.00000063578288 215.
 -14.000000556310018 228.
 -12.000000476837158 214.
 -10.000000397364298 169.
 -8.00000031789144 183.
 -6.000000238418579 202.
 -4.00000015894572 203.
 -2.00000007947286 182.
 0. 392.
 2.00000007947286 185.
 4.00000015894572 166.
 6.000000238418579 191.
 8.00000031789144 210.
 10.000000397364298 190.
 12.000000476837158 200.
 14.000000556310018 180.
 16.00000063578288 184.
 18.000000715255737 163.
 20.000000794728596 193.
 22.000000874201458 198.
 24.000000953674316 186.
 26.000001033147175 184.
 28.000001112620037 209.
 30.000001192092896 169.
