 -750.0000298023224 0.
 -700.0000278155009 0.
 -650.0000258286794 0.
 -600.0000238418579 0.
 -550.0000218550364 0.
 -500.0000198682149 1.
 -450.00001788139343 0.
 -400.00001589457196 0.
 -350.00001390775043 1.
 -300.00001192092896 2.
 -250.00000993410745 2.
 -200.00000794728598 5.
 -150.00000596046448 8.
 -100.00000397364299 5.
 -50.000001986821495 16.
 0. 33.
 50.000001986821495 25.
 100.00000397364299 36.
 150.00000596046448 44.
 200.00000794728598 61.
 250.00000993410745 61.
 300.00001192092896 75.
 350.00001390775043 80.
 400.00001589457196 64.
 450.00001788139343 67.
 500.0000198682149 52.
 550.0000218550364 33.
 600.0000238418579 31.
 650.0000258286794 24.
 700.0000278155009 19.
 750.0000298023224 20.
