 -60. 1.
 -59.6 0.
 -59.2 0.
 -58.8 0.
 -58.4 1.
 -58. 6.
 -57.6 7.
 -57.2 9.
 -56.8 5.
 -56.4 4.
 -56. 7.
 -55.6 6.
 -55.2 9.
 -54.8 489.
 -54.4 340.
 -54. 2391.
 -53.6 528.
 -53.2 13.
 -52.8 275.
 -52.4 314.
 -52. 263.
 -51.6 2273.
 -51.2 3468.
 -50.8 913.
 -50.4 338.
 -50. 380.
 -49.6 3822.
 -49.2 2123.
 -48.8 1226.
 -48.4 118.
 -48. 137.
 -47.6 1285.
 -47.2 6572.
 -46.8 414.
 -46.4 6647.
 -46. 3560.
 -45.6 892.
 -45.2 3920.
 -44.8 8190.
 -44.4 4467.
 -44. 14035.
 -43.6 8939.
 -43.2 10107.
 -42.8 7058.
 -42.4 10247.
 -42. 8430.
 -41.6 6555.
 -41.2 6630.
 -40.8 8306.
 -40.4 14533.
 -40. 8663.
 -39.6 20822.
 -39.2 14378.
 -38.8 16900.
 -38.4 7317.
 -38. 10815.
 -37.6 12969.
 -37.2 16764.
 -36.8 16918.
 -36.4 21192.
 -36. 24497.
 -35.6 25074.
 -35.2 18761.
 -34.8 15492.
 -34.4 28959.
 -34. 18507.
 -33.6 33189.
 -33.2 42216.
 -32.8 33874.
 -32.4 28623.
 -32. 34642.
 -31.6 38799.
 -31.2 40555.
 -30.8 41944.
 -30.4 44441.
 -30. 42260.
 -29.6 46897.
 -29.2 43050.
 -28.8 51822.
 -28.4 45873.
 -28. 48658.
 -27.6 52461.
 -27.2 51389.
 -26.8 52820.
 -26.4 56927.
 -26. 63616.
 -25.6 62785.
 -25.2 68607.
 -24.8 63142.
 -24.4 65062.
 -24. 67760.
 -23.6 66272.
 -23.2 80558.
 -22.8 68948.
 -22.4 65598.
 -22. 71173.
 -21.6 68470.
 -21.2 69352.
 -20.8 71073.
 -20.4 71923.
 -20. 74023.
 -19.6 72800.
 -19.2 81544.
 -18.8 76437.
 -18.4 69043.
 -18. 72134.
 -17.6 68033.
 -17.2 71238.
 -16.8 68289.
 -16.4 69402.
 -16. 62723.
 -15.6 64157.
 -15.2 64490.
 -14.8 63492.
 -14.4 60524.
 -14. 58801.
 -13.6 64248.
 -13.2 61037.
 -12.8 60236.
 -12.4 56203.
 -12. 55041.
 -11.6 57742.
 -11.2 52266.
 -10.8 54153.
 -10.4 53163.
 -10. 49590.
 -9.6 51113.
 -9.2 49219.
 -8.8 47937.
 -8.4 54565.
 -8. 45992.
 -7.6 45537.
 -7.2 46655.
 -6.8 44404.
 -6.4 47238.
 -6. 42836.
 -5.6 42357.
 -5.2 42382.
 -4.8 44199.
 -4.4 41869.
 -4. 41289.
 -3.6 40792.
 -3.2 40340.
 -2.8 43553.
 -2.4 42194.
 -2. 39508.
 -1.6 42526.
 -1.2 39313.
 -0.8 40446.
 -0.4 39739.
 0. 80938.
 0.4 39447.
 0.8 40055.
 1.2 40842.
 1.6 39703.
 2. 43030.
 2.4 41189.
 2.8 40494.
 3.2 40583.
 3.6 40561.
 4. 42632.
 4.4 43765.
 4.8 45027.
 5.2 43150.
 5.6 45065.
 6. 43000.
 6.4 44471.
 6.8 47322.
 7.2 44477.
 7.6 46550.
 8. 47190.
 8.4 46508.
 8.8 48321.
 9.2 48994.
 9.6 48749.
 10. 50756.
 10.4 51011.
 10.8 53508.
 11.2 51929.
 11.6 53979.
 12. 56163.
 12.4 58178.
 12.8 60591.
 13.2 58447.
 13.6 57432.
 14. 57247.
 14.4 59829.
 14.8 61979.
 15.2 63335.
 15.6 62387.
 16. 64155.
 16.4 68634.
 16.8 66437.
 17.2 65786.
 17.6 64684.
 18. 69753.
 18.4 65792.
 18.8 82405.
 19.2 73887.
 19.6 72246.
 20. 68436.
 20.4 72216.
 20.8 66615.
 21.2 70759.
 21.6 65533.
 22. 71703.
 22.4 70647.
 22.8 66690.
 23.2 64291.
 23.6 61167.
 24. 66329.
 24.4 62546.
 24.8 58452.
 25.2 67860.
 25.6 55458.
 26. 63268.
 26.4 54656.
 26.8 64144.
 27.2 51604.
 27.6 57094.
 28. 52605.
 28.4 49587.
 28.8 47232.
 29.2 44287.
 29.6 43761.
 30. 43485.
 30.4 41513.
 30.8 40545.
 31.2 38533.
 31.6 29972.
 32. 39494.
 32.4 29887.
 32.8 35465.
 33.2 29146.
 33.6 38648.
 34. 23769.
 34.4 23340.
 34.8 19503.
 35.2 27129.
 35.6 20098.
 36. 19799.
 36.4 21741.
 36.8 26539.
 37.2 20044.
 37.6 17696.
 38. 14928.
 38.4 12031.
 38.8 23206.
 39.2 8447.
 39.6 9594.
 40. 16685.
 40.4 12161.
 40.8 4013.
 41.2 8789.
 41.6 5522.
 42. 2836.
 42.4 4004.
 42.8 11373.
 43.2 2470.
 43.6 7380.
 44. 15453.
 44.4 9847.
 44.8 6954.
 45.2 3629.
 45.6 1939.
 46. 5564.
 46.4 308.
 46.8 325.
 47.2 321.
 47.6 426.
 48. 177.
 48.4 85.
 48.8 2928.
 49.2 91.
 49.6 701.
 50. 3936.
 50.4 3821.
 50.8 64.
 51.2 43.
 51.6 56.
 52. 2432.
 52.4 2336.
 52.8 217.
 53.2 204.
 53.6 3441.
 54. 385.
 54.4 482.
 54.8 408.
 55.2 320.
 55.6 539.
 56. 109.
 56.4 11.
 56.8 3234.
 57.2 2.
 57.6 2.
 58. 0.
 58.4 0.
 58.8 0.
 59.2 0.
 59.6 0.
 60. 0.
