 -45. 35.
 -44.7 26.
 -44.4 21.
 -44.1 21.
 -43.8 78.
 -43.5 124.
 -43.2 87.
 -42.9 128.
 -42.6 170.
 -42.3 836.
 -42. 1111.
 -41.7 1810.
 -41.4 755.
 -41.1 467.
 -40.8 649.
 -40.5 723.
 -40.2 6415.
 -39.9 567.
 -39.6 538.
 -39.3 683.
 -39. 439.
 -38.7 403.
 -38.4 964.
 -38.1 3526.
 -37.8 7750.
 -37.5 1916.
 -37.2 1849.
 -36.9 18262.
 -36.6 10136.
 -36.3 1398.
 -36. 1736.
 -35.7 3002.
 -35.4 10263.
 -35.1 3266.
 -34.8 13079.
 -34.5 12621.
 -34.2 15699.
 -33.9 3591.
 -33.6 18044.
 -33.3 13348.
 -33. 24122.
 -32.7 7109.
 -32.4 18103.
 -32.1 8477.
 -31.8 24803.
 -31.5 18745.
 -31.2 23796.
 -30.9 13874.
 -30.6 26457.
 -30.3 11039.
 -30. 25591.
 -29.7 17600.
 -29.4 41868.
 -29.1 27058.
 -28.8 76096.
 -28.5 27310.
 -28.2 38451.
 -27.9 38309.
 -27.6 54949.
 -27.3 51254.
 -27. 64999.
 -26.7 40071.
 -26.4 34267.
 -26.1 53287.
 -25.8 33661.
 -25.5 57501.
 -25.2 60087.
 -24.9 53814.
 -24.6 79211.
 -24.3 51428.
 -24. 58856.
 -23.7 76603.
 -23.4 83052.
 -23.1 51525.
 -22.8 43095.
 -22.5 70121.
 -22.2 89589.
 -21.9 70116.
 -21.6 75096.
 -21.3 93470.
 -21. 85111.
 -20.7 84605.
 -20.4 92198.
 -20.1 98269.
 -19.8 90527.
 -19.5 95307.
 -19.2 86214.
 -18.9 108557.
 -18.6 103829.
 -18.3 91990.
 -18. 87693.
 -17.7 102147.
 -17.4 81771.
 -17.1 89361.
 -16.8 102836.
 -16.5 79503.
 -16.2 85524.
 -15.9 79674.
 -15.6 88984.
 -15.3 90532.
 -15. 92851.
 -14.7 85783.
 -14.4 85103.
 -14.1 85200.
 -13.8 74341.
 -13.5 88845.
 -13.2 81285.
 -12.9 71554.
 -12.6 69966.
 -12.3 83120.
 -12. 73800.
 -11.7 70882.
 -11.4 62917.
 -11.1 74920.
 -10.8 60947.
 -10.5 67932.
 -10.2 69546.
 -9.9 74016.
 -9.6 69067.
 -9.3 61457.
 -9. 57105.
 -8.7 57441.
 -8.4 56048.
 -8.1 65029.
 -7.8 53618.
 -7.5 57426.
 -7.2 55329.
 -6.9 51924.
 -6.6 53154.
 -6.3 47822.
 -6. 56308.
 -5.7 48771.
 -5.4 56733.
 -5.1 51823.
 -4.8 44856.
 -4.5 53727.
 -4.2 45443.
 -3.9 45261.
 -3.6 50985.
 -3.3 44798.
 -3. 42037.
 -2.7 53189.
 -2.4 45434.
 -2.1 47761.
 -1.8 51981.
 -1.5 40565.
 -1.2 40407.
 -0.9 40125.
 -0.6 44182.
 -0.3 43304.
 0. 81862.
 0.3 50346.
 0.6 48100.
 0.9 41312.
 1.2 41355.
 1.5 41488.
 1.8 41214.
 2.1 41082.
 2.4 41870.
 2.7 41847.
 3. 45676.
 3.3 44170.
 3.6 44373.
 3.9 47264.
 4.2 43620.
 4.5 51658.
 4.8 46538.
 5.1 45600.
 5.4 49642.
 5.7 49514.
 6. 55057.
 6.3 64729.
 6.6 49753.
 6.9 57553.
 7.2 63749.
 7.5 50802.
 7.8 52981.
 8.1 63283.
 8.4 61668.
 8.7 57638.
 9. 58342.
 9.3 63163.
 9.6 60160.
 9.9 59189.
 10.2 59134.
 10.5 64007.
 10.8 67980.
 11.1 65256.
 11.4 89148.
 11.7 77511.
 12. 83048.
 12.3 79704.
 12.6 77575.
 12.9 78252.
 13.2 79688.
 13.5 84718.
 13.8 87752.
 14.1 84153.
 14.4 85513.
 14.7 81618.
 15. 98122.
 15.3 74509.
 15.6 92683.
 15.9 83623.
 16.2 76602.
 16.5 74033.
 16.8 88344.
 17.1 91079.
 17.4 97102.
 17.7 77634.
 18. 101233.
 18.3 84734.
 18.6 92573.
 18.9 78357.
 19.2 66529.
 19.5 79163.
 19.8 78055.
 20.1 80222.
 20.4 77521.
 20.7 88596.
 21. 66227.
 21.3 71648.
 21.6 71272.
 21.9 44732.
 22.2 68957.
 22.5 75616.
 22.8 55312.
 23.1 59429.
 23.4 65169.
 23.7 60477.
 24. 53605.
 24.3 58448.
 24.6 56785.
 24.9 50821.
 25.2 43210.
 25.5 40649.
 25.8 59329.
 26.1 44497.
 26.4 45075.
 26.7 36876.
 27. 55313.
 27.3 41513.
 27.6 40511.
 27.9 29656.
 28.2 24749.
 28.5 30733.
 28.8 30075.
 29.1 33434.
 29.4 38091.
 29.7 30807.
 30. 21637.
 30.3 10830.
 30.6 21813.
 30.9 17385.
 31.2 15186.
 31.5 24513.
 31.8 18516.
 32.1 28487.
 32.4 16989.
 32.7 23484.
 33. 13064.
 33.3 16302.
 33.6 15516.
 33.9 10863.
 34.2 18691.
 34.5 3740.
 34.8 20387.
 35.1 19495.
 35.4 2310.
 35.7 5021.
 36. 4710.
 36.3 1312.
 36.6 1009.
 36.9 1457.
 37.2 14282.
 37.5 971.
 37.8 640.
 38.1 10781.
 38.4 976.
 38.7 698.
 39. 287.
 39.3 536.
 39.6 155.
 39.9 6457.
 40.2 145.
 40.5 160.
 40.8 238.
 41.1 387.
 41.4 89.
 41.7 105.
 42. 157.
 42.3 176.
 42.6 38.
 42.9 36.
 43.2 44.
 43.5 42.
 43.8 48.
 44.1 55.
 44.4 68.
 44.7 158.
 45. 0.
