 -60. 0.
 -59.6 0.
 -59.2 0.
 -58.8 0.
 -58.4 0.
 -58. 0.
 -57.6 0.
 -57.2 0.
 -56.8 0.
 -56.4 0.
 -56. 0.
 -55.6 0.
 -55.2 0.
 -54.8 0.
 -54.4 0.
 -54. 1.
 -53.6 915.
 -53.2 22.
 -52.8 15.
 -52.4 17.
 -52. 44.
 -51.6 21.
 -51.2 10.
 -50.8 11.
 -50.4 16.
 -50. 11.
 -49.6 7.
 -49.2 7.
 -48.8 4.
 -48.4 9.
 -48. 13.
 -47.6 11.
 -47.2 22.
 -46.8 20.
 -46.4 4243.
 -46. 43.
 -45.6 44.
 -45.2 51.
 -44.8 62.
 -44.4 4320.
 -44. 117.
 -43.6 1026.
 -43.2 199.
 -42.8 916.
 -42.4 192.
 -42. 4382.
 -41.6 243.
 -41.2 269.
 -40.8 236.
 -40.4 4466.
 -40. 1999.
 -39.6 4533.
 -39.2 1190.
 -38.8 4750.
 -38.4 7354.
 -38. 577.
 -37.6 534.
 -37.2 1338.
 -36.8 6639.
 -36.4 5835.
 -36. 1805.
 -35.6 11986.
 -35.2 6884.
 -34.8 1924.
 -34.4 5276.
 -34. 1243.
 -33.6 1310.
 -33.2 9737.
 -32.8 6742.
 -32.4 1600.
 -32. 5780.
 -31.6 2928.
 -31.2 1948.
 -30.8 7067.
 -30.4 2376.
 -30. 4155.
 -29.6 3650.
 -29.2 2824.
 -28.8 8058.
 -28.4 3134.
 -28. 4270.
 -27.6 8446.
 -27.2 8782.
 -26.8 7917.
 -26.4 6604.
 -26. 8717.
 -25.6 6083.
 -25.2 5430.
 -24.8 6445.
 -24.4 5680.
 -24. 4931.
 -23.6 4914.
 -23.2 5971.
 -22.8 10130.
 -22.4 5899.
 -22. 5258.
 -21.6 5277.
 -21.2 5390.
 -20.8 5512.
 -20.4 5414.
 -20. 6513.
 -19.6 5523.
 -19.2 5513.
 -18.8 5451.
 -18.4 9717.
 -18. 5522.
 -17.6 5312.
 -17.2 6471.
 -16.8 5353.
 -16.4 5238.
 -16. 6297.
 -15.6 5233.
 -15.2 6153.
 -14.8 5117.
 -14.4 5017.
 -14. 5052.
 -13.6 4959.
 -13.2 6455.
 -12.8 6541.
 -12.4 4576.
 -12. 6472.
 -11.6 4496.
 -11.2 4489.
 -10.8 4273.
 -10.4 4350.
 -10. 4262.
 -9.6 8380.
 -9.2 4148.
 -8.8 4112.
 -8.4 3884.
 -8. 4007.
 -7.6 4935.
 -7.2 4660.
 -6.8 3792.
 -6.4 4696.
 -6. 3641.
 -5.6 3572.
 -5.2 3583.
 -4.8 3563.
 -4.4 3486.
 -4. 3502.
 -3.6 3539.
 -3.2 4507.
 -2.8 3664.
 -2.4 4396.
 -2. 3338.
 -1.6 3372.
 -1.2 3444.
 -0.8 3334.
 -0.4 3262.
 0. 11661.
 0.4 3357.
 0.8 3417.
 1.2 3408.
 1.6 3421.
 2. 3423.
 2.4 3374.
 2.8 3504.
 3.2 3458.
 3.6 3465.
 4. 4394.
 4.4 3445.
 4.8 3638.
 5.2 3644.
 5.6 3607.
 6. 3708.
 6.4 3780.
 6.8 3719.
 7.2 3879.
 7.6 3860.
 8. 3983.
 8.4 4031.
 8.8 4087.
 9.2 4207.
 9.6 4132.
 10. 4222.
 10.4 4357.
 10.8 4401.
 11.2 4431.
 11.6 5695.
 12. 4691.
 12.4 4749.
 12.8 4756.
 13.2 5004.
 13.6 4969.
 14. 5014.
 14.4 5130.
 14.8 5107.
 15.2 6188.
 15.6 5469.
 16. 5425.
 16.4 6362.
 16.8 6559.
 17.2 7399.
 17.6 6414.
 18. 5705.
 18.4 5677.
 18.8 6485.
 19.2 7901.
 19.6 6865.
 20. 5730.
 20.4 7438.
 20.8 5631.
 21.2 5650.
 21.6 5652.
 22. 6595.
 22.4 7165.
 22.8 5328.
 23.2 10525.
 23.6 10244.
 24. 5949.
 24.4 4765.
 24.8 10810.
 25.2 10549.
 25.6 5699.
 26. 4395.
 26.4 5116.
 26.8 3900.
 27.2 3877.
 27.6 11966.
 28. 4387.
 28.4 4133.
 28.8 5161.
 29.2 3635.
 29.6 3569.
 30. 2537.
 30.4 2378.
 30.8 3238.
 31.2 2927.
 31.6 1928.
 32. 6886.
 32.4 2507.
 32.8 3082.
 33.2 5560.
 33.6 2110.
 34. 1267.
 34.4 1122.
 34.8 2577.
 35.2 1863.
 35.6 1879.
 36. 1533.
 36.4 6776.
 36.8 6689.
 37.2 2360.
 37.6 506.
 38. 459.
 38.4 458.
 38.8 1250.
 39.2 348.
 39.6 1191.
 40. 360.
 40.4 1898.
 40.8 218.
 41.2 1000.
 41.6 1162.
 42. 1078.
 42.4 8573.
 42.8 4338.
 43.2 144.
 43.6 86.
 44. 69.
 44.4 76.
 44.8 51.
 45.2 53.
 45.6 61.
 46. 61.
 46.4 47.
 46.8 43.
 47.2 30.
 47.6 4230.
 48. 39.
 48.4 20.
 48.8 12.
 49.2 14.
 49.6 12.
 50. 10.
 50.4 13.
 50.8 4.
 51.2 3.
 51.6 1.
 52. 0.
 52.4 5.
 52.8 2.
 53.2 1.
 53.6 1.
 54. 1.
 54.4 1.
 54.8 0.
 55.2 0.
 55.6 0.
 56. 1.
 56.4 1.
 56.8 0.
 57.2 1.
 57.6 0.
 58. 0.
 58.4 0.
 58.8 0.
 59.2 0.
 59.6 0.
 60. 0.
