 -120.00000476837158 0.
 -112.00000445048015 3.
 -104.0000041325887 2.
 -96.00000381469727 5.
 -88.00000349680583 4.
 -80.00000317891438 4.
 -72.00000286102295 6.
 -64.00000254313152 36.
 -56.000002225240074 103.
 -48.00000190734863 203.
 -40.00000158945719 393.
 -32.00000127156576 477.
 -24.000000953674316 478.
 -16.00000063578288 449.
 -8.00000031789144 412.
 0. 903.
 8.00000031789144 492.
 16.00000063578288 490.
 24.000000953674316 294.
 32.00000127156576 134.
 40.00000158945719 56.
 48.00000190734863 16.
 56.000002225240074 11.
 64.00000254313152 6.
 72.00000286102295 10.
 80.00000317891438 2.
 88.00000349680583 2.
 96.00000381469727 2.
 104.0000041325887 4.
 112.00000445048015 1.
 120.00000476837158 0.
