 -75. 0.
 -74.5 0.
 -74. 0.
 -73.5 0.
 -73. 0.
 -72.5 0.
 -72. 0.
 -71.5 0.
 -71. 0.
 -70.5 0.
 -70. 0.
 -69.5 1.
 -69. 2.
 -68.5 0.
 -68. 2.
 -67.5 7.
 -67. 223.
 -66.5 0.
 -66. 12.
 -65.5 7.
 -65. 6.
 -64.5 544.
 -64. 16.
 -63.5 10.
 -63. 23.
 -62.5 768.
 -62. 21.
 -61.5 775.
 -61. 784.
 -60.5 52.
 -60. 799.
 -59.5 70.
 -59. 614.
 -58.5 88.
 -58. 126.
 -57.5 131.
 -57. 755.
 -56.5 1129.
 -56. 216.
 -55.5 278.
 -55. 560.
 -54.5 353.
 -54. 1189.
 -53.5 1165.
 -53. 2225.
 -52.5 2061.
 -52. 1548.
 -51.5 2117.
 -51. 1848.
 -50.5 2360.
 -50. 2887.
 -49.5 3261.
 -49. 2554.
 -48.5 3544.
 -48. 3939.
 -47.5 4153.
 -47. 5244.
 -46.5 6096.
 -46. 4938.
 -45.5 6281.
 -45. 7364.
 -44.5 8200.
 -44. 9084.
 -43.5 9986.
 -43. 10764.
 -42.5 13497.
 -42. 14739.
 -41.5 14863.
 -41. 18625.
 -40.5 17520.
 -40. 21163.
 -39.5 20124.
 -39. 22695.
 -38.5 25888.
 -38. 26170.
 -37.5 28020.
 -37. 29523.
 -36.5 31347.
 -36. 34205.
 -35.5 37744.
 -35. 40028.
 -34.5 41627.
 -34. 42651.
 -33.5 44051.
 -33. 47926.
 -32.5 50178.
 -32. 51690.
 -31.5 51138.
 -31. 54647.
 -30.5 54372.
 -30. 56621.
 -29.5 58776.
 -29. 58737.
 -28.5 59481.
 -28. 60302.
 -27.5 61747.
 -27. 64801.
 -26.5 63810.
 -26. 63749.
 -25.5 64613.
 -25. 63501.
 -24.5 62930.
 -24. 62816.
 -23.5 64105.
 -23. 62372.
 -22.5 62187.
 -22. 61302.
 -21.5 61095.
 -21. 60611.
 -20.5 61166.
 -20. 59361.
 -19.5 58338.
 -19. 56760.
 -18.5 55865.
 -18. 55741.
 -17.5 54738.
 -17. 54245.
 -16.5 52699.
 -16. 52627.
 -15.5 51157.
 -15. 49713.
 -14.5 50248.
 -14. 48266.
 -13.5 47787.
 -13. 46388.
 -12.5 47454.
 -12. 45501.
 -11.5 44601.
 -11. 43787.
 -10.5 43337.
 -10. 43000.
 -9.5 42420.
 -9. 41729.
 -8.5 40881.
 -8. 41004.
 -7.5 40385.
 -7. 39898.
 -6.5 39828.
 -6. 39295.
 -5.5 39348.
 -5. 38653.
 -4.5 38226.
 -4. 37426.
 -3.5 38208.
 -3. 37282.
 -2.5 36869.
 -2. 37277.
 -1.5 36670.
 -1. 36537.
 -0.5 36378.
 0. 73214.
 0.5 36826.
 1. 36724.
 1.5 36532.
 2. 36617.
 2.5 36801.
 3. 37003.
 3.5 37244.
 4. 37824.
 4.5 38057.
 5. 38109.
 5.5 38283.
 6. 39072.
 6.5 39060.
 7. 39666.
 7.5 40355.
 8. 40547.
 8.5 41208.
 9. 41546.
 9.5 41852.
 10. 42618.
 10.5 43471.
 11. 44798.
 11.5 44746.
 12. 44881.
 12.5 46301.
 13. 47040.
 13.5 47995.
 14. 48089.
 14.5 49834.
 15. 50230.
 15.5 51039.
 16. 52383.
 16.5 52537.
 17. 53514.
 17.5 54217.
 18. 55042.
 18.5 56379.
 19. 56734.
 19.5 58210.
 20. 57959.
 20.5 59855.
 21. 60548.
 21.5 60462.
 22. 61746.
 22.5 62179.
 23. 62412.
 23.5 63002.
 24. 62856.
 24.5 64366.
 25. 63194.
 25.5 63108.
 26. 62994.
 26.5 61677.
 27. 61998.
 27.5 60394.
 28. 60858.
 28.5 58835.
 29. 59029.
 29.5 56987.
 30. 55938.
 30.5 53956.
 31. 52081.
 31.5 51163.
 32. 51329.
 32.5 49115.
 33. 46304.
 33.5 45402.
 34. 42165.
 34.5 39974.
 35. 37779.
 35.5 37012.
 36. 33348.
 36.5 32317.
 37. 29154.
 37.5 27522.
 38. 24665.
 38.5 25647.
 39. 20923.
 39.5 19784.
 40. 21921.
 40.5 16875.
 41. 15878.
 41.5 14027.
 42. 13379.
 42.5 13416.
 43. 9912.
 43.5 9165.
 44. 9551.
 44.5 6888.
 45. 8286.
 45.5 6758.
 46. 5001.
 46.5 6603.
 47. 5086.
 47.5 3792.
 48. 3524.
 48.5 3972.
 49. 2614.
 49.5 3412.
 50. 4871.
 50.5 1490.
 51. 1284.
 51.5 2564.
 52. 2246.
 52.5 1700.
 53. 2361.
 53.5 1520.
 54. 1873.
 54.5 1426.
 55. 525.
 55.5 1044.
 56. 765.
 56.5 515.
 57. 3496.
 57.5 146.
 58. 105.
 58.5 839.
 59. 668.
 59.5 55.
 60. 44.
 60.5 788.
 61. 360.
 61.5 775.
 62. 767.
 62.5 761.
 63. 15.
 63.5 5.
 64. 4.
 64.5 6.
 65. 5.
 65.5 2.
 66. 3.
 66.5 3.
 67. 3.
 67.5 3.
 68. 2.
 68.5 4.
 69. 1.
 69.5 0.
 70. 1.
 70.5 0.
 71. 0.
 71.5 0.
 72. 0.
 72.5 0.
 73. 0.
 73.5 0.
 74. 0.
 74.5 0.
 75. 0.
