 -120.00000476837158 4.
 -112.00000445048015 5.
 -104.0000041325887 5.
 -96.00000381469727 2.
 -88.00000349680583 1.
 -80.00000317891438 2.
 -72.00000286102295 2.
 -64.00000254313152 3.
 -56.000002225240074 9.
 -48.00000190734863 11.
 -40.00000158945719 11.
 -32.00000127156576 9.
 -24.000000953674316 11.
 -16.00000063578288 18.
 -8.00000031789144 17.
 0. 26.
 8.00000031789144 13.
 16.00000063578288 25.
 24.000000953674316 20.
 32.00000127156576 22.
 40.00000158945719 30.
 48.00000190734863 22.
 56.000002225240074 21.
 64.00000254313152 15.
 72.00000286102295 36.
 80.00000317891438 27.
 88.00000349680583 22.
 96.00000381469727 21.
 104.0000041325887 22.
 112.00000445048015 23.
 120.00000476837158 20.
