 -120.00000476837158 23.
 -112.00000445048015 52.
 -104.0000041325887 40.
 -96.00000381469727 54.
 -88.00000349680583 48.
 -80.00000317891438 48.
 -72.00000286102295 83.
 -64.00000254313152 74.
 -56.000002225240074 82.
 -48.00000190734863 103.
 -40.00000158945719 113.
 -32.00000127156576 147.
 -24.000000953674316 152.
 -16.00000063578288 177.
 -8.00000031789144 217.
 0. 506.
 8.00000031789144 248.
 16.00000063578288 239.
 24.000000953674316 267.
 32.00000127156576 235.
 40.00000158945719 257.
 48.00000190734863 252.
 56.000002225240074 264.
 64.00000254313152 238.
 72.00000286102295 255.
 80.00000317891438 212.
 88.00000349680583 144.
 96.00000381469727 94.
 104.0000041325887 68.
 112.00000445048015 67.
 120.00000476837158 33.
