 -15. 0.
 -14.9 0.
 -14.8 0.
 -14.7 0.
 -14.6 0.
 -14.5 0.
 -14.4 0.
 -14.3 0.
 -14.2 0.
 -14.1 0.
 -14. 0.
 -13.9 0.
 -13.8 0.
 -13.7 0.
 -13.6 59786.
 -13.5 18.
 -13.4 6.
 -13.3 3.
 -13.2 3.
 -13.1 2.
 -13. 2147.
 -12.9 120843.
 -12.8 2244.
 -12.7 3095.
 -12.6 4118.
 -12.5 60878.
 -12.4 902.
 -12.3 959.
 -12.2 1104.
 -12.1 1574.
 -12. 1794.
 -11.9 80327.
 -11.8 66928.
 -11.7 24205.
 -11.6 6531.
 -11.5 2387.
 -11.4 22262.
 -11.3 102086.
 -11.2 21887.
 -11.1 81161.
 -11. 81840.
 -10.9 81708.
 -10.8 2396.
 -10.7 62734.
 -10.6 2579.
 -10.5 60681.
 -10.4 22251.
 -10.3 2312.
 -10.2 222100.
 -10.1 85517.
 -10. 4622.
 -9.9 3803.
 -9.8 62606.
 -9.7 103466.
 -9.6 4590.
 -9.5 123977.
 -9.4 84439.
 -9.3 143446.
 -9.2 105808.
 -9.1 128212.
 -9. 169691.
 -8.9 115334.
 -8.8 321791.
 -8.7 188941.
 -8.6 230420.
 -8.5 114482.
 -8.4 251069.
 -8.3 77208.
 -8.2 136662.
 -8.1 194841.
 -8. 75270.
 -7.9 116092.
 -7.8 130830.
 -7.7 179772.
 -7.6 153713.
 -7.5 198291.
 -7.4 258523.
 -7.3 85691.
 -7.2 204428.
 -7.1 40338.
 -7. 216833.
 -6.9 21472.
 -6.8 102401.
 -6.7 123471.
 -6.6 235673.
 -6.5 246784.
 -6.4 406403.
 -6.3 150030.
 -6.2 233792.
 -6.1 246298.
 -6. 215396.
 -5.9 440720.
 -5.8 159797.
 -5.7 133872.
 -5.6 167792.
 -5.5 377756.
 -5.4 358334.
 -5.3 181477.
 -5.2 85099.
 -5.1 180029.
 -5. 142026.
 -4.9 283434.
 -4.8 234603.
 -4.7 178548.
 -4.6 456386.
 -4.5 288087.
 -4.4 142281.
 -4.3 112730.
 -4.2 179810.
 -4.1 192400.
 -4. 293441.
 -3.9 328829.
 -3.8 169080.
 -3.7 197736.
 -3.6 186626.
 -3.5 191346.
 -3.4 221457.
 -3.3 155372.
 -3.2 186095.
 -3.1 226456.
 -3. 85050.
 -2.9 239760.
 -2.8 219836.
 -2.7 210421.
 -2.6 132808.
 -2.5 216457.
 -2.4 159490.
 -2.3 252925.
 -2.2 154156.
 -2.1 113881.
 -2. 149483.
 -1.9 160779.
 -1.8 114027.
 -1.7 113667.
 -1.6 261455.
 -1.5 191509.
 -1.4 116482.
 -1.3 170554.
 -1.2 137850.
 -1.1 140229.
 -1. 144305.
 -0.9 215532.
 -0.8 237608.
 -0.7 162134.
 -0.6 193762.
 -0.5 175243.
 -0.4 115283.
 -0.3 170999.
 -0.2 204410.
 -0.1 169876.
 0. 416646.
 0.1 108446.
 0.2 145870.
 0.3 147413.
 0.4 313884.
 0.5 209099.
 0.6 136140.
 0.7 204823.
 0.8 230216.
 0.9 113770.
 1. 116401.
 1.1 266292.
 1.2 172638.
 1.3 119390.
 1.4 197075.
 1.5 152114.
 1.6 170217.
 1.7 114592.
 1.8 249688.
 1.9 184020.
 2. 188148.
 2.1 329957.
 2.2 153445.
 2.3 124931.
 2.4 163463.
 2.5 154747.
 2.6 157393.
 2.7 195981.
 2.8 172169.
 2.9 152358.
 3. 375492.
 3.1 125832.
 3.2 183345.
 3.3 229027.
 3.4 84143.
 3.5 164962.
 3.6 257712.
 3.7 264211.
 3.8 385128.
 3.9 390870.
 4. 205174.
 4.1 187308.
 4.2 316136.
 4.3 191925.
 4.4 248027.
 4.5 146655.
 4.6 198679.
 4.7 226776.
 4.8 173279.
 4.9 248282.
 5. 333580.
 5.1 297281.
 5.2 301576.
 5.3 219088.
 5.4 216320.
 5.5 367773.
 5.6 153162.
 5.7 287215.
 5.8 155327.
 5.9 304500.
 6. 168836.
 6.1 449284.
 6.2 127602.
 6.3 241075.
 6.4 221108.
 6.5 202451.
 6.6 183591.
 6.7 475112.
 6.8 101026.
 6.9 452882.
 7. 151484.
 7.1 152984.
 7.2 234218.
 7.3 329650.
 7.4 114877.
 7.5 78592.
 7.6 152024.
 7.7 53660.
 7.8 112610.
 7.9 187642.
 8. 188649.
 8.1 266002.
 8.2 172546.
 8.3 11279.
 8.4 105434.
 8.5 65214.
 8.6 285226.
 8.7 46439.
 8.8 204224.
 8.9 144591.
 9. 185539.
 9.1 131633.
 9.2 193702.
 9.3 168551.
 9.4 169954.
 9.5 88689.
 9.6 6791.
 9.7 145241.
 9.8 128488.
 9.9 64252.
 10. 25321.
 10.1 5586.
 10.2 126046.
 10.3 8206.
 10.4 26797.
 10.5 67083.
 10.6 7671.
 10.7 26740.
 10.8 44384.
 10.9 124387.
 11. 4253.
 11.1 64256.
 11.2 43729.
 11.3 61553.
 11.4 4441.
 11.5 2570.
 11.6 23718.
 11.7 61515.
 11.8 161289.
 11.9 41636.
 12. 2265.
 12.1 355.
 12.2 60439.
 12.3 752.
 12.4 99.
 12.5 70.
 12.6 79921.
 12.7 19907.
 12.8 11.
 12.9 5.
 13. 5.
 13.1 6.
 13.2 9.
 13.3 19896.
 13.4 2.
 13.5 3.
 13.6 2.
 13.7 3.
 13.8 2.
 13.9 3.
 14. 2.
 14.1 3.
 14.2 3.
 14.3 3.
 14.4 5.
 14.5 6.
 14.6 15.
 14.7 39897.
 14.8 0.
 14.9 0.
 15. 0.
