 -75. 0.
 -74.5 0.
 -74. 0.
 -73.5 0.
 -73. 0.
 -72.5 0.
 -72. 0.
 -71.5 0.
 -71. 0.
 -70.5 0.
 -70. 0.
 -69.5 0.
 -69. 0.
 -68.5 1.
 -68. 2.
 -67.5 4.
 -67. 7.
 -66.5 4.
 -66. 10.
 -65.5 12.
 -65. 12.
 -64.5 19.
 -64. 34.
 -63.5 926.
 -63. 1677.
 -62.5 556.
 -62. 77.
 -61.5 75.
 -61. 80.
 -60.5 532.
 -60. 77.
 -59.5 242.
 -59. 324.
 -58.5 372.
 -58. 492.
 -57.5 859.
 -57. 3909.
 -56.5 705.
 -56. 710.
 -55.5 2435.
 -55. 1926.
 -54.5 2700.
 -54. 3212.
 -53.5 1081.
 -53. 4411.
 -52.5 1671.
 -52. 2573.
 -51.5 2501.
 -51. 3468.
 -50.5 5595.
 -50. 5050.
 -49.5 6380.
 -49. 5816.
 -48.5 5909.
 -48. 4663.
 -47.5 5600.
 -47. 5883.
 -46.5 8039.
 -46. 7861.
 -45.5 7770.
 -45. 8975.
 -44.5 12015.
 -44. 11470.
 -43.5 10509.
 -43. 16745.
 -42.5 14899.
 -42. 15636.
 -41.5 17448.
 -41. 17267.
 -40.5 18543.
 -40. 19754.
 -39.5 22105.
 -39. 22200.
 -38.5 27975.
 -38. 26584.
 -37.5 29212.
 -37. 32651.
 -36.5 32873.
 -36. 34439.
 -35.5 37237.
 -35. 37576.
 -34.5 40883.
 -34. 42847.
 -33.5 44393.
 -33. 45640.
 -32.5 49199.
 -32. 49450.
 -31.5 51223.
 -31. 53673.
 -30.5 53603.
 -30. 57656.
 -29.5 57069.
 -29. 57519.
 -28.5 58581.
 -28. 59399.
 -27.5 60987.
 -27. 60592.
 -26.5 62216.
 -26. 63242.
 -25.5 62261.
 -25. 61710.
 -24.5 63325.
 -24. 64074.
 -23.5 61304.
 -23. 60860.
 -22.5 60028.
 -22. 60440.
 -21.5 61296.
 -21. 58650.
 -20.5 57876.
 -20. 57048.
 -19.5 56859.
 -19. 56626.
 -18.5 55727.
 -18. 53605.
 -17.5 53629.
 -17. 52018.
 -16.5 52795.
 -16. 51028.
 -15.5 50044.
 -15. 48946.
 -14.5 49243.
 -14. 47637.
 -13.5 46232.
 -13. 45800.
 -12.5 44672.
 -12. 45491.
 -11.5 44576.
 -11. 42833.
 -10.5 41869.
 -10. 41706.
 -9.5 40985.
 -9. 40925.
 -8.5 39775.
 -8. 39631.
 -7.5 39336.
 -7. 38645.
 -6.5 37867.
 -6. 38223.
 -5.5 37651.
 -5. 36943.
 -4.5 37054.
 -4. 36531.
 -3.5 36787.
 -3. 36226.
 -2.5 35979.
 -2. 36089.
 -1.5 35846.
 -1. 35601.
 -0.5 35684.
 0. 71381.
 0.5 35453.
 1. 35584.
 1.5 35444.
 2. 36048.
 2.5 37268.
 3. 36328.
 3.5 36580.
 4. 36883.
 4.5 36780.
 5. 37029.
 5.5 37555.
 6. 37757.
 6.5 38211.
 7. 38525.
 7.5 38960.
 8. 39409.
 8.5 39965.
 9. 40794.
 9.5 40853.
 10. 41711.
 10.5 43167.
 11. 44543.
 11.5 43660.
 12. 44163.
 12.5 45021.
 13. 45596.
 13.5 46444.
 14. 48814.
 14.5 49643.
 15. 49351.
 15.5 49964.
 16. 50018.
 16.5 51905.
 17. 53212.
 17.5 54722.
 18. 53983.
 18.5 54877.
 19. 56870.
 19.5 56313.
 20. 57106.
 20.5 57286.
 21. 58747.
 21.5 59263.
 22. 59611.
 22.5 62634.
 23. 60394.
 23.5 63386.
 24. 62397.
 24.5 65197.
 25. 62458.
 25.5 62245.
 26. 61399.
 26.5 61972.
 27. 60954.
 27.5 61927.
 28. 60333.
 28.5 59956.
 29. 59462.
 29.5 58485.
 30. 57774.
 30.5 56752.
 31. 51736.
 31.5 51349.
 32. 48232.
 32.5 48737.
 33. 47087.
 33.5 44254.
 34. 40502.
 34.5 40449.
 35. 38384.
 35.5 35689.
 36. 34631.
 36.5 31238.
 37. 31132.
 37.5 29047.
 38. 25900.
 38.5 26310.
 39. 22474.
 39.5 20171.
 40. 21785.
 40.5 18935.
 41. 18537.
 41.5 14349.
 42. 17820.
 42.5 13614.
 43. 12389.
 43.5 11925.
 44. 11489.
 44.5 9750.
 45. 8406.
 45.5 7604.
 46. 11476.
 46.5 6666.
 47. 6704.
 47.5 5880.
 48. 7017.
 48.5 5097.
 49. 5563.
 49.5 4426.
 50. 4942.
 50.5 2618.
 51. 4021.
 51.5 2006.
 52. 1823.
 52.5 2359.
 53. 2893.
 53.5 2398.
 54. 1673.
 54.5 1533.
 55. 2347.
 55.5 887.
 56. 1922.
 56.5 4397.
 57. 1047.
 57.5 1121.
 58. 1099.
 58.5 483.
 59. 762.
 59.5 435.
 60. 845.
 60.5 223.
 61. 181.
 61.5 162.
 62. 704.
 62.5 267.
 63. 94.
 63.5 107.
 64. 86.
 64.5 1728.
 65. 91.
 65.5 84.
 66. 121.
 66.5 179.
 67. 74.
 67.5 9.
 68. 460.
 68.5 8.
 69. 0.
 69.5 0.
 70. 2.
 70.5 0.
 71. 0.
 71.5 0.
 72. 0.
 72.5 0.
 73. 0.
 73.5 0.
 74. 0.
 74.5 0.
 75. 0.
