 -120.00000476837158 304.
 -112.00000445048015 496.
 -104.0000041325887 336.
 -96.00000381469727 312.
 -88.00000349680583 293.
 -80.00000317891438 306.
 -72.00000286102295 299.
 -64.00000254313152 305.
 -56.000002225240074 306.
 -48.00000190734863 297.
 -40.00000158945719 304.
 -32.00000127156576 313.
 -24.000000953674316 353.
 -16.00000063578288 600.
 -8.00000031789144 141.
 0. 13.
 8.00000031789144 2.
 16.00000063578288 5.
 24.000000953674316 2.
 32.00000127156576 2.
 40.00000158945719 1.
 48.00000190734863 1.
 56.000002225240074 0.
 64.00000254313152 1.
 72.00000286102295 0.
 80.00000317891438 2.
 88.00000349680583 0.
 96.00000381469727 1.
 104.0000041325887 0.
 112.00000445048015 0.
 120.00000476837158 1.
