 -270.00001072883606 189.
 -252.00001001358032 213.
 -234.00000929832458 183.
 -216.00000858306885 186.
 -198.0000078678131 205.
 -180.00000715255737 249.
 -162.00000643730164 257.
 -144.0000057220459 109.
 -126.00000500679016 9.
 -108.00000429153442 8.
 -90.00000357627869 7.
 -72.00000286102295 8.
 -54.00000214576721 10.
 -36.000001430511475 9.
 -18.000000715255737 11.
 0. 22.
 18.000000715255737 10.
 36.000001430511475 17.
 54.00000214576721 9.
 72.00000286102295 14.
 90.00000357627869 19.
 108.00000429153442 23.
 126.00000500679016 13.
 144.0000057220459 19.
 162.00000643730164 12.
 180.00000715255737 13.
 198.0000078678131 8.
 216.00000858306885 5.
 234.00000929832458 5.
 252.00001001358032 0.
 270.00001072883606 2.
