 -30.000001192092896 130.
 -28.000001112620037 123.
 -26.000001033147175 116.
 -24.000000953674316 126.
 -22.000000874201458 124.
 -20.000000794728596 127.
 -18.000000715255737 579.
 -16.00000063578288 437.
 -14.000000556310018 373.
 -12.000000476837158 389.
 -10.000000397364298 453.
 -8.00000031789144 831.
 -6.000000238418579 530.
 -4.00000015894572 360.
 -2.00000007947286 1538.
 0. 3273.
 2.00000007947286 632.
 4.00000015894572 838.
 6.000000238418579 650.
 8.00000031789144 926.
 10.000000397364298 185.
 12.000000476837158 211.
 14.000000556310018 271.
 16.00000063578288 556.
 18.000000715255737 1917.
 20.000000794728596 1303.
 22.000000874201458 1442.
 24.000000953674316 0.
 26.000001033147175 0.
 28.000001112620037 0.
 30.000001192092896 0.
