 -120.00000476837158 70.
 -112.00000445048015 87.
 -104.0000041325887 87.
 -96.00000381469727 73.
 -88.00000349680583 107.
 -80.00000317891438 114.
 -72.00000286102295 120.
 -64.00000254313152 139.
 -56.000002225240074 124.
 -48.00000190734863 147.
 -40.00000158945719 138.
 -32.00000127156576 167.
 -24.000000953674316 157.
 -16.00000063578288 159.
 -8.00000031789144 192.
 0. 321.
 8.00000031789144 152.
 16.00000063578288 161.
 24.000000953674316 178.
 32.00000127156576 152.
 40.00000158945719 151.
 48.00000190734863 133.
 56.000002225240074 129.
 64.00000254313152 129.
 72.00000286102295 126.
 80.00000317891438 115.
 88.00000349680583 84.
 96.00000381469727 88.
 104.0000041325887 64.
 112.00000445048015 77.
 120.00000476837158 58.
