 -480.0000190734863 0.
 -448.0000178019206 3.
 -416.0000165303548 3.
 -384.00001525878906 2.
 -352.0000139872233 1.
 -320.00001271565753 4.
 -288.0000114440918 3.
 -256.00001017252606 3.
 -224.0000089009603 6.
 -192.00000762939453 6.
 -160.00000635782877 17.
 -128.00000508626303 19.
 -96.00000381469727 17.
 -64.00000254313152 18.
 -32.00000127156576 34.
 0. 83.
 32.00000127156576 51.
 64.00000254313152 68.
 96.00000381469727 81.
 128.00000508626303 76.
 160.00000635782877 85.
 192.00000762939453 84.
 224.0000089009603 100.
 256.00001017252606 82.
 288.0000114440918 68.
 320.00001271565753 81.
 352.0000139872233 59.
 384.00001525878906 57.
 416.0000165303548 34.
 448.0000178019206 34.
 480.0000190734863 21.
