 -750.0000298023224 0.
 -700.0000278155009 0.
 -650.0000258286794 0.
 -600.0000238418579 0.
 -550.0000218550364 0.
 -500.0000198682149 0.
 -450.00001788139343 0.
 -400.00001589457196 0.
 -350.00001390775043 1.
 -300.00001192092896 2.
 -250.00000993410745 1.
 -200.00000794728598 1.
 -150.00000596046448 4.
 -100.00000397364299 2.
 -50.000001986821495 11.
 0. 37.
 50.000001986821495 31.
 100.00000397364299 43.
 150.00000596046448 44.
 200.00000794728598 39.
 250.00000993410745 57.
 300.00001192092896 62.
 350.00001390775043 79.
 400.00001589457196 65.
 450.00001788139343 68.
 500.0000198682149 65.
 550.0000218550364 55.
 600.0000238418579 38.
 650.0000258286794 33.
 700.0000278155009 13.
 750.0000298023224 21.
