 -30.000001192092896 1.
 -28.000001112620037 1.
 -26.000001033147175 0.
 -24.000000953674316 3.
 -22.000000874201458 2.
 -20.000000794728596 2.
 -18.000000715255737 3.
 -16.00000063578288 1.
 -14.000000556310018 2.
 -12.000000476837158 1.
 -10.000000397364298 2.
 -8.00000031789144 5.
 -6.000000238418579 3.
 -4.00000015894572 2.
 -2.00000007947286 5.
 0. 7.
 2.00000007947286 4.
 4.00000015894572 11.
 6.000000238418579 15.
 8.00000031789144 10.
 10.000000397364298 9.
 12.000000476837158 9.
 14.000000556310018 7.
 16.00000063578288 8.
 18.000000715255737 11.
 20.000000794728596 10.
 22.000000874201458 11.
 24.000000953674316 0.
 26.000001033147175 0.
 28.000001112620037 0.
 30.000001192092896 0.
