 -45. 0.
 -44.7 0.
 -44.4 0.
 -44.1 0.
 -43.8 0.
 -43.5 0.
 -43.2 0.
 -42.9 0.
 -42.6 0.
 -42.3 0.
 -42. 0.
 -41.7 0.
 -41.4 0.
 -41.1 0.
 -40.8 0.
 -40.5 0.
 -40.2 1.
 -39.9 1.
 -39.6 4.
 -39.3 10.
 -39. 12.
 -38.7 25.
 -38.4 29.
 -38.1 58.
 -37.8 105.
 -37.5 7085.
 -37.2 1450.
 -36.9 1779.
 -36.6 3393.
 -36.3 6184.
 -36. 5666.
 -35.7 10325.
 -35.4 1534.
 -35.1 7632.
 -34.8 6737.
 -34.5 5339.
 -34.2 8561.
 -33.9 14931.
 -33.6 12460.
 -33.3 21196.
 -33. 10047.
 -32.7 15387.
 -32.4 10847.
 -32.1 21036.
 -31.8 11815.
 -31.5 21889.
 -31.2 14245.
 -30.9 26497.
 -30.6 23657.
 -30.3 23557.
 -30. 33857.
 -29.7 29841.
 -29.4 24838.
 -29.1 20349.
 -28.8 36926.
 -28.5 41625.
 -28.2 57236.
 -27.9 43348.
 -27.6 49516.
 -27.3 50257.
 -27. 38841.
 -26.7 49621.
 -26.4 30600.
 -26.1 56038.
 -25.8 45595.
 -25.5 89674.
 -25.2 59160.
 -24.9 58590.
 -24.6 71003.
 -24.3 56269.
 -24. 68734.
 -23.7 81874.
 -23.4 59000.
 -23.1 93687.
 -22.8 86621.
 -22.5 99448.
 -22.2 84320.
 -21.9 91443.
 -21.6 81919.
 -21.3 91146.
 -21. 90758.
 -20.7 100012.
 -20.4 80791.
 -20.1 108242.
 -19.8 115779.
 -19.5 98889.
 -19.2 103008.
 -18.9 62900.
 -18.6 81747.
 -18.3 91836.
 -18. 101430.
 -17.7 84627.
 -17.4 84280.
 -17.1 114783.
 -16.8 81389.
 -16.5 86619.
 -16.2 98093.
 -15.9 102061.
 -15.6 96312.
 -15.3 65610.
 -15. 66902.
 -14.7 72559.
 -14.4 80616.
 -14.1 91988.
 -13.8 66156.
 -13.5 106440.
 -13.2 101827.
 -12.9 92424.
 -12.6 59048.
 -12.3 82458.
 -12. 77357.
 -11.7 66849.
 -11.4 67161.
 -11.1 64914.
 -10.8 79594.
 -10.5 61225.
 -10.2 56931.
 -9.9 65139.
 -9.6 69587.
 -9.3 67306.
 -9. 57543.
 -8.7 57954.
 -8.4 74635.
 -8.1 58289.
 -7.8 59906.
 -7.5 55424.
 -7.2 46369.
 -6.9 47199.
 -6.6 44794.
 -6.3 50060.
 -6. 50839.
 -5.7 42423.
 -5.4 45596.
 -5.1 42023.
 -4.8 47701.
 -4.5 42425.
 -4.2 41007.
 -3.9 36051.
 -3.6 37961.
 -3.3 43179.
 -3. 38220.
 -2.7 36878.
 -2.4 42288.
 -2.1 34640.
 -1.8 35661.
 -1.5 36517.
 -1.2 46805.
 -0.9 43450.
 -0.6 36924.
 -0.3 39895.
 0. 73454.
 0.3 42739.
 0.6 37531.
 0.9 49500.
 1.2 42207.
 1.5 53863.
 1.8 36680.
 2.1 34920.
 2.4 40995.
 2.7 35811.
 3. 45528.
 3.3 48662.
 3.6 36031.
 3.9 41458.
 4.2 48979.
 4.5 37643.
 4.8 38942.
 5.1 39489.
 5.4 54939.
 5.7 41185.
 6. 51276.
 6.3 46280.
 6.6 53829.
 6.9 49405.
 7.2 46350.
 7.5 67649.
 7.8 48689.
 8.1 55046.
 8.4 50268.
 8.7 61218.
 9. 59258.
 9.3 57303.
 9.6 55466.
 9.9 54657.
 10.2 57721.
 10.5 60511.
 10.8 66170.
 11.1 77793.
 11.4 72037.
 11.7 70400.
 12. 57461.
 12.3 69059.
 12.6 65349.
 12.9 78589.
 13.2 64802.
 13.5 74708.
 13.8 77375.
 14.1 94009.
 14.4 78988.
 14.7 68824.
 15. 82223.
 15.3 83427.
 15.6 101619.
 15.9 79992.
 16.2 92587.
 16.5 75506.
 16.8 91835.
 17.1 88884.
 17.4 97143.
 17.7 100879.
 18. 78896.
 18.3 79235.
 18.6 71031.
 18.9 78951.
 19.2 113191.
 19.5 96085.
 19.8 72586.
 20.1 89010.
 20.4 86372.
 20.7 75742.
 21. 81109.
 21.3 107146.
 21.6 75471.
 21.9 85844.
 22.2 77954.
 22.5 50473.
 22.8 80614.
 23.1 85193.
 23.4 113273.
 23.7 40550.
 24. 74686.
 24.3 75451.
 24.6 61749.
 24.9 46985.
 25.2 69206.
 25.5 52547.
 25.8 66324.
 26.1 56787.
 26.4 49690.
 26.7 41736.
 27. 33591.
 27.3 37047.
 27.6 44271.
 27.9 48203.
 28.2 25738.
 28.5 27240.
 28.8 49147.
 29.1 38765.
 29.4 29650.
 29.7 47355.
 30. 27032.
 30.3 12172.
 30.6 25984.
 30.9 11655.
 31.2 17814.
 31.5 12358.
 31.8 13721.
 32.1 17833.
 32.4 4833.
 32.7 8989.
 33. 5062.
 33.3 6892.
 33.6 9122.
 33.9 15283.
 34.2 9523.
 34.5 10240.
 34.8 6133.
 35.1 1354.
 35.4 4849.
 35.7 7867.
 36. 4331.
 36.3 3111.
 36.6 3232.
 36.9 9889.
 37.2 2018.
 37.5 916.
 37.8 4625.
 38.1 918.
 38.4 765.
 38.7 100.
 39. 3930.
 39.3 40.
 39.6 38.
 39.9 27.
 40.2 2056.
 40.5 13.
 40.8 21.
 41.1 19.
 41.4 10.
 41.7 8.
 42. 6.
 42.3 1.
 42.6 0.
 42.9 1.
 43.2 0.
 43.5 0.
 43.8 0.
 44.1 1.
 44.4 0.
 44.7 0.
 45. 0.
