 -750.0000298023224 0.
 -700.0000278155009 0.
 -650.0000258286794 0.
 -600.0000238418579 1.
 -550.0000218550364 0.
 -500.0000198682149 0.
 -450.00001788139343 4.
 -400.00001589457196 1.
 -350.00001390775043 0.
 -300.00001192092896 2.
 -250.00000993410745 9.
 -200.00000794728598 5.
 -150.00000596046448 4.
 -100.00000397364299 15.
 -50.000001986821495 12.
 0. 54.
 50.000001986821495 24.
 100.00000397364299 47.
 150.00000596046448 33.
 200.00000794728598 72.
 250.00000993410745 62.
 300.00001192092896 60.
 350.00001390775043 68.
 400.00001589457196 53.
 450.00001788139343 61.
 500.0000198682149 54.
 550.0000218550364 48.
 600.0000238418579 42.
 650.0000258286794 21.
 700.0000278155009 17.
 750.0000298023224 14.
