 -15. 0.
 -14.9 0.
 -14.8 0.
 -14.7 0.
 -14.6 0.
 -14.5 0.
 -14.4 0.
 -14.3 0.
 -14.2 19999.
 -14.1 0.
 -14. 0.
 -13.9 19978.
 -13.8 17.
 -13.7 4.
 -13.6 0.
 -13.5 0.
 -13.4 0.
 -13.3 0.
 -13.2 39867.
 -13.1 20018.
 -13. 6.
 -12.9 3.
 -12.8 3.
 -12.7 2.
 -12.6 22.
 -12.5 39949.
 -12.4 146.
 -12.3 65896.
 -12.2 104.
 -12.1 1034.
 -12. 20602.
 -11.9 438.
 -11.8 21352.
 -11.7 947.
 -11.6 80783.
 -11.5 873.
 -11.4 23547.
 -11.3 63170.
 -11.2 9004.
 -11.1 5488.
 -11. 4743.
 -10.9 4418.
 -10.8 63845.
 -10.7 43868.
 -10.6 164493.
 -10.5 6618.
 -10.4 2182.
 -10.3 142854.
 -10.2 150465.
 -10.1 128307.
 -10. 23949.
 -9.9 62567.
 -9.8 70089.
 -9.7 91839.
 -9.6 107096.
 -9.5 207056.
 -9.4 49960.
 -9.3 148532.
 -9.2 33775.
 -9.1 102403.
 -9. 56533.
 -8.9 133449.
 -8.8 157372.
 -8.7 233553.
 -8.6 217297.
 -8.5 281148.
 -8.4 159069.
 -8.3 156804.
 -8.2 40250.
 -8.1 244019.
 -8. 28109.
 -7.9 187689.
 -7.8 129333.
 -7.7 75162.
 -7.6 181301.
 -7.5 227779.
 -7.4 295110.
 -7.3 194758.
 -7.2 243146.
 -7.1 213856.
 -7. 281534.
 -6.9 136308.
 -6.8 239606.
 -6.7 160393.
 -6.6 116635.
 -6.5 134752.
 -6.4 311559.
 -6.3 229060.
 -6.2 208661.
 -6.1 303205.
 -6. 93304.
 -5.9 487751.
 -5.8 230139.
 -5.7 187687.
 -5.6 303077.
 -5.5 171202.
 -5.4 158306.
 -5.3 234869.
 -5.2 143836.
 -5.1 381401.
 -5. 390104.
 -4.9 290538.
 -4.8 237313.
 -4.7 263542.
 -4.6 91730.
 -4.5 121375.
 -4.4 238893.
 -4.3 248339.
 -4.2 218631.
 -4.1 174595.
 -4. 152845.
 -3.9 245506.
 -3.8 164165.
 -3.7 252988.
 -3.6 332177.
 -3.5 225636.
 -3.4 157676.
 -3.3 148485.
 -3.2 219444.
 -3.1 244550.
 -3. 276323.
 -2.9 251781.
 -2.8 93052.
 -2.7 112841.
 -2.6 172152.
 -2.5 249911.
 -2.4 145172.
 -2.3 231231.
 -2.2 127891.
 -2.1 194272.
 -2. 261949.
 -1.9 222150.
 -1.8 171039.
 -1.7 148907.
 -1.6 192880.
 -1.5 132838.
 -1.4 228293.
 -1.3 118405.
 -1.2 130796.
 -1.1 87387.
 -1. 200371.
 -0.9 188041.
 -0.8 407081.
 -0.7 95407.
 -0.6 110052.
 -0.5 135001.
 -0.4 149764.
 -0.3 137573.
 -0.2 104727.
 -0.1 197577.
 0. 340282.
 0.1 217082.
 0.2 142618.
 0.3 211639.
 0.4 84101.
 0.5 104280.
 0.6 156072.
 0.7 266056.
 0.8 80889.
 0.9 177261.
 1. 91812.
 1.1 155852.
 1.2 101593.
 1.3 81764.
 1.4 188351.
 1.5 202777.
 1.6 131364.
 1.7 222552.
 1.8 107842.
 1.9 157454.
 2. 136696.
 2.1 295388.
 2.2 200334.
 2.3 218284.
 2.4 204178.
 2.5 214921.
 2.6 179467.
 2.7 382598.
 2.8 267765.
 2.9 155259.
 3. 279072.
 3.1 134754.
 3.2 345773.
 3.3 217825.
 3.4 162364.
 3.5 318395.
 3.6 247892.
 3.7 160413.
 3.8 224381.
 3.9 268528.
 4. 227700.
 4.1 151425.
 4.2 226454.
 4.3 335435.
 4.4 248342.
 4.5 259950.
 4.6 208210.
 4.7 225945.
 4.8 150132.
 4.9 207047.
 5. 209734.
 5.1 359735.
 5.2 130597.
 5.3 224617.
 5.4 253952.
 5.5 192086.
 5.6 190135.
 5.7 98106.
 5.8 263711.
 5.9 109645.
 6. 192797.
 6.1 256399.
 6.2 93732.
 6.3 181741.
 6.4 375827.
 6.5 119948.
 6.6 178548.
 6.7 350035.
 6.8 151379.
 6.9 206645.
 7. 191817.
 7.1 327431.
 7.2 378709.
 7.3 127368.
 7.4 150946.
 7.5 69375.
 7.6 108744.
 7.7 147759.
 7.8 92982.
 7.9 254603.
 8. 68441.
 8.1 181250.
 8.2 141043.
 8.3 85013.
 8.4 188794.
 8.5 191561.
 8.6 193812.
 8.7 16018.
 8.8 78602.
 8.9 343764.
 9. 208373.
 9.1 137247.
 9.2 32958.
 9.3 55941.
 9.4 173814.
 9.5 235674.
 9.6 130899.
 9.7 8063.
 9.8 145752.
 9.9 46713.
 10. 27231.
 10.1 204595.
 10.2 5299.
 10.3 62750.
 10.4 163571.
 10.5 83276.
 10.6 163505.
 10.7 6764.
 10.8 21442.
 10.9 101746.
 11. 80139.
 11.1 120216.
 11.2 236.
 11.3 19347.
 11.4 260.
 11.5 40216.
 11.6 20305.
 11.7 59979.
 11.8 224.
 11.9 39676.
 12. 217.
 12.1 225.
 12.2 40141.
 12.3 19342.
 12.4 237.
 12.5 80248.
 12.6 257.
 12.7 283.
 12.8 315.
 12.9 365.
 13. 463.
 13.1 40723.
 13.2 364.
 13.3 20005.
 13.4 20000.
 13.5 3.
 13.6 39879.
 13.7 28.
 13.8 0.
 13.9 0.
 14. 6.
 14.1 19993.
 14.2 0.
 14.3 0.
 14.4 0.
 14.5 3.
 14.6 19996.
 14.7 0.
 14.8 0.
 14.9 0.
 15. 0.
