 -270.00001072883606 12.
 -252.00001001358032 7.
 -234.00000929832458 8.
 -216.00000858306885 13.
 -198.0000078678131 19.
 -180.00000715255737 16.
 -162.00000643730164 19.
 -144.0000057220459 28.
 -126.00000500679016 34.
 -108.00000429153442 30.
 -90.00000357627869 33.
 -72.00000286102295 44.
 -54.00000214576721 60.
 -36.000001430511475 61.
 -18.000000715255737 75.
 0. 180.
 18.000000715255737 91.
 36.000001430511475 96.
 54.00000214576721 97.
 72.00000286102295 120.
 90.00000357627869 136.
 108.00000429153442 123.
 126.00000500679016 120.
 144.0000057220459 96.
 162.00000643730164 115.
 180.00000715255737 102.
 198.0000078678131 84.
 216.00000858306885 62.
 234.00000929832458 70.
 252.00001001358032 41.
 270.00001072883606 34.
