 -750.0000298023224 0.
 -700.0000278155009 0.
 -650.0000258286794 0.
 -600.0000238418579 0.
 -550.0000218550364 0.
 -500.0000198682149 0.
 -450.00001788139343 0.
 -400.00001589457196 0.
 -350.00001390775043 1.
 -300.00001192092896 1.
 -250.00000993410745 5.
 -200.00000794728598 6.
 -150.00000596046448 6.
 -100.00000397364299 14.
 -50.000001986821495 7.
 0. 48.
 50.000001986821495 23.
 100.00000397364299 37.
 150.00000596046448 44.
 200.00000794728598 63.
 250.00000993410745 48.
 300.00001192092896 52.
 350.00001390775043 66.
 400.00001589457196 72.
 450.00001788139343 82.
 500.0000198682149 51.
 550.0000218550364 50.
 600.0000238418579 47.
 650.0000258286794 15.
 700.0000278155009 26.
 750.0000298023224 13.
