 -30.000001192092896 1175.
 -28.000001112620037 1221.
 -26.000001033147175 1091.
 -24.000000953674316 1087.
 -22.000000874201458 1028.
 -20.000000794728596 1054.
 -18.000000715255737 936.
 -16.00000063578288 1009.
 -14.000000556310018 989.
 -12.000000476837158 993.
 -10.000000397364298 751.
 -8.00000031789144 341.
 -6.000000238418579 77.
 -4.00000015894572 10.
 -2.00000007947286 2.
 0. 6.
 2.00000007947286 1.
 4.00000015894572 1.
 6.000000238418579 5.
 8.00000031789144 4.
 10.000000397364298 4.
 12.000000476837158 6.
 14.000000556310018 12.
 16.00000063578288 22.
 18.000000715255737 16.
 20.000000794728596 18.
 22.000000874201458 7.
 24.000000953674316 6.
 26.000001033147175 5.
 28.000001112620037 4.
 30.000001192092896 5.
