 -750.0000298023224 0.
 -700.0000278155009 0.
 -650.0000258286794 0.
 -600.0000238418579 0.
 -550.0000218550364 0.
 -500.0000198682149 0.
 -450.00001788139343 0.
 -400.00001589457196 0.
 -350.00001390775043 0.
 -300.00001192092896 0.
 -250.00000993410745 0.
 -200.00000794728598 0.
 -150.00000596046448 0.
 -100.00000397364299 0.
 -50.000001986821495 0.
 0. 0.
 50.000001986821495 0.
 100.00000397364299 0.
 150.00000596046448 0.
 200.00000794728598 0.
 250.00000993410745 0.
 300.00001192092896 0.
 350.00001390775043 0.
 400.00001589457196 0.
 450.00001788139343 0.
 500.0000198682149 0.
 550.0000218550364 0.
 600.0000238418579 0.
 650.0000258286794 0.
 700.0000278155009 0.
 750.0000298023224 0.
