 -30. 0.
 -29.8 0.
 -29.6 0.
 -29.4 0.
 -29.2 0.
 -29. 0.
 -28.8 0.
 -28.6 0.
 -28.4 0.
 -28.2 0.
 -28. 0.
 -27.8 0.
 -27.6 0.
 -27.4 0.
 -27.2 1.
 -27. 2.
 -26.8 2.
 -26.6 2.
 -26.4 1.
 -26.2 5.
 -26. 2.
 -25.8 1.
 -25.6 2.
 -25.4 3.
 -25.2 3.
 -25. 4.
 -24.8 8.
 -24.6 5020.
 -24.4 22104.
 -24.2 53.
 -24. 1361.
 -23.8 33501.
 -23.6 29488.
 -23.4 140.
 -23.2 9711.
 -23. 1323.
 -22.8 247.
 -22.6 28044.
 -22.4 14245.
 -22.2 20456.
 -22. 18413.
 -21.8 536.
 -21.6 33324.
 -21.4 33616.
 -21.2 64684.
 -21. 22064.
 -20.8 1712.
 -20.6 2001.
 -20.4 21280.
 -20.2 21552.
 -20. 27381.
 -19.8 62604.
 -19.6 46576.
 -19.4 44409.
 -19.2 93667.
 -19. 86627.
 -18.8 38064.
 -18.6 93441.
 -18.4 96098.
 -18.2 117698.
 -18. 100596.
 -17.8 88526.
 -17.6 74995.
 -17.4 28173.
 -17.2 130519.
 -17. 92472.
 -16.8 114872.
 -16.6 65108.
 -16.4 83126.
 -16.2 113437.
 -16. 111817.
 -15.8 62020.
 -15.6 100642.
 -15.4 91358.
 -15.2 122622.
 -15. 146263.
 -14.8 116431.
 -14.6 118544.
 -14.4 110002.
 -14.2 150667.
 -14. 99715.
 -13.8 153531.
 -13.6 119473.
 -13.4 112468.
 -13.2 148458.
 -13. 155288.
 -12.8 128264.
 -12.6 86327.
 -12.4 164544.
 -12.2 117771.
 -12. 84671.
 -11.8 133604.
 -11.6 161208.
 -11.4 120238.
 -11.2 176705.
 -11. 101044.
 -10.8 157703.
 -10.6 148235.
 -10.4 114873.
 -10.2 164904.
 -10. 151220.
 -9.8 173764.
 -9.6 121780.
 -9.4 166723.
 -9.2 124910.
 -9. 89987.
 -8.8 127355.
 -8.6 110923.
 -8.4 104090.
 -8.2 102227.
 -8. 129718.
 -7.8 111193.
 -7.6 137829.
 -7.4 129187.
 -7.2 84136.
 -7. 78348.
 -6.8 102527.
 -6.6 78037.
 -6.4 109522.
 -6.2 128025.
 -6. 107743.
 -5.8 85677.
 -5.6 72064.
 -5.4 60134.
 -5.2 105862.
 -5. 60439.
 -4.8 71263.
 -4.6 57726.
 -4.4 79636.
 -4.2 81157.
 -4. 57023.
 -3.8 71040.
 -3.6 94929.
 -3.4 93921.
 -3.2 57770.
 -3. 47395.
 -2.8 57366.
 -2.6 88194.
 -2.4 43458.
 -2.2 65668.
 -2. 63245.
 -1.8 47112.
 -1.6 53775.
 -1.4 58189.
 -1.2 97235.
 -1. 39853.
 -0.8 47639.
 -0.6 44798.
 -0.4 62869.
 -0.2 40675.
 0. 112681.
 0.2 47924.
 0.4 41965.
 0.6 72183.
 0.8 73097.
 1. 75106.
 1.2 51540.
 1.4 45229.
 1.6 46054.
 1.8 58008.
 2. 47399.
 2.2 43908.
 2.4 44230.
 2.6 69072.
 2.8 42065.
 3. 58537.
 3.2 56296.
 3.4 79194.
 3.6 55067.
 3.8 64437.
 4. 72176.
 4.2 75852.
 4.4 58256.
 4.6 67119.
 4.8 79488.
 5. 103906.
 5.2 71358.
 5.4 100700.
 5.6 96370.
 5.8 59092.
 6. 58808.
 6.2 102329.
 6.4 122040.
 6.6 86149.
 6.8 82700.
 7. 86726.
 7.2 105870.
 7.4 68895.
 7.6 82302.
 7.8 121372.
 8. 92946.
 8.2 86372.
 8.4 200072.
 8.6 95188.
 8.8 101514.
 9. 124071.
 9.2 173850.
 9.4 100814.
 9.6 106521.
 9.8 118226.
 10. 87720.
 10.2 130001.
 10.4 125514.
 10.6 149001.
 10.8 121896.
 11. 154787.
 11.2 136810.
 11.4 170286.
 11.6 103033.
 11.8 112004.
 12. 97412.
 12.2 128117.
 12.4 107698.
 12.6 129253.
 12.8 122095.
 13. 136980.
 13.2 149701.
 13.4 115527.
 13.6 101420.
 13.8 57704.
 14. 143447.
 14.2 108240.
 14.4 112098.
 14.6 91529.
 14.8 154233.
 15. 164425.
 15.2 118968.
 15.4 85196.
 15.6 133433.
 15.8 119104.
 16. 51728.
 16.2 160471.
 16.4 90252.
 16.6 93735.
 16.8 55172.
 17. 87982.
 17.2 143664.
 17.4 99382.
 17.6 82628.
 17.8 111573.
 18. 44483.
 18.2 83833.
 18.4 84585.
 18.6 45381.
 18.8 47046.
 19. 123824.
 19.2 34235.
 19.4 61026.
 19.6 53951.
 19.8 24755.
 20. 10911.
 20.2 5331.
 20.4 48259.
 20.6 20247.
 20.8 24380.
 21. 20627.
 21.2 53662.
 21.4 4569.
 21.6 2912.
 21.8 6964.
 22. 1870.
 22.2 21369.
 22.4 21197.
 22.6 11972.
 22.8 21342.
 23. 21385.
 23.2 68450.
 23.4 29492.
 23.6 19795.
 23.8 13164.
 24. 19752.
 24.2 117.
 24.4 147.
 24.6 19716.
 24.8 96.
 25. 17472.
 25.2 116.
 25.4 4940.
 25.6 116.
 25.8 97.
 26. 9752.
 26.2 104.
 26.4 19684.
 26.6 130.
 26.8 241.
 27. 9152.
 27.2 12.
 27.4 0.
 27.6 0.
 27.8 0.
 28. 0.
 28.2 0.
 28.4 0.
 28.6 0.
 28.8 0.
 29. 0.
 29.2 0.
 29.4 0.
 29.6 0.
 29.8 0.
 30. 0.
