 -480.0000190734863 0.
 -448.0000178019206 1.
 -416.0000165303548 0.
 -384.00001525878906 3.
 -352.0000139872233 8.
 -320.00001271565753 14.
 -288.0000114440918 17.
 -256.00001017252606 25.
 -224.0000089009603 38.
 -192.00000762939453 63.
 -160.00000635782877 80.
 -128.00000508626303 85.
 -96.00000381469727 104.
 -64.00000254313152 125.
 -32.00000127156576 136.
 0. 233.
 32.00000127156576 83.
 64.00000254313152 55.
 96.00000381469727 41.
 128.00000508626303 24.
 160.00000635782877 23.
 192.00000762939453 2.
 224.0000089009603 9.
 256.00001017252606 6.
 288.0000114440918 11.
 320.00001271565753 12.
 352.0000139872233 9.
 384.00001525878906 8.
 416.0000165303548 4.
 448.0000178019206 8.
 480.0000190734863 3.
