 -30.000001192092896 0.
 -28.000001112620037 1.
 -26.000001033147175 0.
 -24.000000953674316 0.
 -22.000000874201458 0.
 -20.000000794728596 1.
 -18.000000715255737 0.
 -16.00000063578288 0.
 -14.000000556310018 0.
 -12.000000476837158 3.
 -10.000000397364298 1.
 -8.00000031789144 0.
 -6.000000238418579 1.
 -4.00000015894572 0.
 -2.00000007947286 0.
 0. 1.
 2.00000007947286 0.
 4.00000015894572 0.
 6.000000238418579 0.
 8.00000031789144 0.
 10.000000397364298 1.
 12.000000476837158 0.
 14.000000556310018 0.
 16.00000063578288 0.
 18.000000715255737 1.
 20.000000794728596 0.
 22.000000874201458 0.
 24.000000953674316 0.
 26.000001033147175 0.
 28.000001112620037 0.
 30.000001192092896 0.
