 -30. 0.
 -29.8 0.
 -29.6 0.
 -29.4 0.
 -29.2 0.
 -29. 0.
 -28.8 0.
 -28.6 0.
 -28.4 0.
 -28.2 0.
 -28. 0.
 -27.8 0.
 -27.6 0.
 -27.4 0.
 -27.2 0.
 -27. 5.
 -26.8 8.
 -26.6 185.
 -26.4 18067.
 -26.2 6.
 -26. 5.
 -25.8 20.
 -25.6 9.
 -25.4 11.
 -25.2 15.
 -25. 21.
 -24.8 5025.
 -24.6 31.
 -24.4 14480.
 -24.2 14652.
 -24. 113.
 -23.8 6676.
 -23.6 22315.
 -23.4 2011.
 -23.2 2380.
 -23. 22947.
 -22.8 17880.
 -22.6 32566.
 -22.4 18594.
 -22.2 45911.
 -22. 22725.
 -21.8 17504.
 -21.6 76153.
 -21.4 42759.
 -21.2 22348.
 -21. 24321.
 -20.8 23552.
 -20.6 4158.
 -20.4 8297.
 -20.2 23616.
 -20. 5431.
 -19.8 30578.
 -19.6 37314.
 -19.4 12219.
 -19.2 32551.
 -19. 39388.
 -18.8 52476.
 -18.6 102776.
 -18.4 44415.
 -18.2 63287.
 -18. 47084.
 -17.8 48445.
 -17.6 75711.
 -17.4 48314.
 -17.2 109767.
 -17. 82752.
 -16.8 86638.
 -16.6 91296.
 -16.4 55808.
 -16.2 63259.
 -16. 94841.
 -15.8 81964.
 -15.6 126815.
 -15.4 96691.
 -15.2 121409.
 -15. 98405.
 -14.8 118725.
 -14.6 120369.
 -14.4 103520.
 -14.2 116143.
 -14. 81482.
 -13.8 115322.
 -13.6 127858.
 -13.4 125670.
 -13.2 164012.
 -13. 132011.
 -12.8 126629.
 -12.6 97227.
 -12.4 123750.
 -12.2 154082.
 -12. 148175.
 -11.8 117350.
 -11.6 132066.
 -11.4 120545.
 -11.2 150037.
 -11. 113064.
 -10.8 111611.
 -10.6 118808.
 -10.4 149742.
 -10.2 118285.
 -10. 114188.
 -9.8 110709.
 -9.6 161869.
 -9.4 146858.
 -9.2 115075.
 -9. 127062.
 -8.8 101185.
 -8.6 90701.
 -8.4 105429.
 -8.2 122225.
 -8. 127681.
 -7.8 105206.
 -7.6 173127.
 -7.4 79166.
 -7.2 78168.
 -7. 89638.
 -6.8 90446.
 -6.6 122249.
 -6.4 105733.
 -6.2 95783.
 -6. 84290.
 -5.8 76330.
 -5.6 104624.
 -5.4 65837.
 -5.2 74337.
 -5. 98852.
 -4.8 95243.
 -4.6 70060.
 -4.4 74129.
 -4.2 78357.
 -4. 88236.
 -3.8 61446.
 -3.6 72326.
 -3.4 81060.
 -3.2 60848.
 -3. 81297.
 -2.8 56634.
 -2.6 69088.
 -2.4 66468.
 -2.2 64512.
 -2. 59818.
 -1.8 67032.
 -1.6 60204.
 -1.4 58843.
 -1.2 72332.
 -1. 56655.
 -0.8 54110.
 -0.6 54483.
 -0.4 62694.
 -0.2 73635.
 0. 135015.
 0.2 53434.
 0.4 56725.
 0.6 67114.
 0.8 73874.
 1. 68471.
 1.2 96022.
 1.4 55237.
 1.6 56453.
 1.8 86230.
 2. 65381.
 2.2 62291.
 2.4 76754.
 2.6 76591.
 2.8 94186.
 3. 60466.
 3.2 82717.
 3.4 70140.
 3.6 68782.
 3.8 71916.
 4. 109320.
 4.2 82109.
 4.4 104621.
 4.6 76501.
 4.8 70440.
 5. 81496.
 5.2 67404.
 5.4 78560.
 5.6 90774.
 5.8 73736.
 6. 116251.
 6.2 81694.
 6.4 109881.
 6.6 103250.
 6.8 111376.
 7. 84324.
 7.2 92887.
 7.4 81048.
 7.6 101677.
 7.8 136200.
 8. 140557.
 8.2 102624.
 8.4 138364.
 8.6 94672.
 8.8 129378.
 9. 151546.
 9.2 131291.
 9.4 128213.
 9.6 127601.
 9.8 122408.
 10. 127747.
 10.2 137822.
 10.4 140555.
 10.6 120865.
 10.8 149911.
 11. 183965.
 11.2 166290.
 11.4 138906.
 11.6 102552.
 11.8 111271.
 12. 201631.
 12.2 112510.
 12.4 171425.
 12.6 197658.
 12.8 137362.
 13. 152730.
 13.2 124295.
 13.4 179521.
 13.6 144125.
 13.8 115543.
 14. 127190.
 14.2 153114.
 14.4 98661.
 14.6 129006.
 14.8 79859.
 15. 110653.
 15.2 137830.
 15.4 141279.
 15.6 86171.
 15.8 162556.
 16. 71967.
 16.2 107470.
 16.4 60430.
 16.6 48442.
 16.8 94314.
 17. 92903.
 17.2 55244.
 17.4 44508.
 17.6 67993.
 17.8 80304.
 18. 43898.
 18.2 51994.
 18.4 87172.
 18.6 35377.
 18.8 50666.
 19. 39694.
 19.2 82768.
 19.4 86303.
 19.6 31907.
 19.8 27290.
 20. 31043.
 20.2 24969.
 20.4 43706.
 20.6 31346.
 20.8 7337.
 21. 8936.
 21.2 39891.
 21.4 27617.
 21.6 3628.
 21.8 4321.
 22. 3161.
 22.2 38468.
 22.4 53540.
 22.6 13667.
 22.8 3475.
 23. 17006.
 23.2 2301.
 23.4 1558.
 23.6 923.
 23.8 857.
 24. 970.
 24.2 949.
 24.4 1066.
 24.6 1180.
 24.8 1552.
 25. 2588.
 25.2 445.
 25.4 42.
 25.6 18.
 25.8 17.
 26. 7.
 26.2 5.
 26.4 1.
 26.6 0.
 26.8 0.
 27. 0.
 27.2 0.
 27.4 0.
 27.6 0.
 27.8 0.
 28. 0.
 28.2 0.
 28.4 0.
 28.6 0.
 28.8 0.
 29. 0.
 29.2 0.
 29.4 0.
 29.6 0.
 29.8 0.
 30. 0.
