 -480.0000190734863 0.
 -448.0000178019206 0.
 -416.0000165303548 0.
 -384.00001525878906 0.
 -352.0000139872233 0.
 -320.00001271565753 0.
 -288.0000114440918 0.
 -256.00001017252606 0.
 -224.0000089009603 0.
 -192.00000762939453 0.
 -160.00000635782877 0.
 -128.00000508626303 0.
 -96.00000381469727 0.
 -64.00000254313152 0.
 -32.00000127156576 0.
 0. 0.
 32.00000127156576 0.
 64.00000254313152 1.
 96.00000381469727 0.
 128.00000508626303 0.
 160.00000635782877 0.
 192.00000762939453 0.
 224.0000089009603 0.
 256.00001017252606 0.
 288.0000114440918 1.
 320.00001271565753 0.
 352.0000139872233 2.
 384.00001525878906 2.
 416.0000165303548 1.
 448.0000178019206 3.
 480.0000190734863 2.
