 -270.00001072883606 0.
 -252.00001001358032 0.
 -234.00000929832458 0.
 -216.00000858306885 0.
 -198.0000078678131 0.
 -180.00000715255737 0.
 -162.00000643730164 0.
 -144.0000057220459 0.
 -126.00000500679016 0.
 -108.00000429153442 0.
 -90.00000357627869 0.
 -72.00000286102295 0.
 -54.00000214576721 1.
 -36.000001430511475 0.
 -18.000000715255737 0.
 0. 1.
 18.000000715255737 3.
 36.000001430511475 0.
 54.00000214576721 6.
 72.00000286102295 2.
 90.00000357627869 4.
 108.00000429153442 2.
 126.00000500679016 9.
 144.0000057220459 7.
 162.00000643730164 12.
 180.00000715255737 5.
 198.0000078678131 15.
 216.00000858306885 21.
 234.00000929832458 11.
 252.00001001358032 20.
 270.00001072883606 21.
