 -60. 0.
 -59.6 0.
 -59.2 0.
 -58.8 0.
 -58.4 0.
 -58. 0.
 -57.6 0.
 -57.2 0.
 -56.8 0.
 -56.4 2.
 -56. 1.
 -55.6 2.
 -55.2 3.
 -54.8 4.
 -54.4 1549.
 -54. 1560.
 -53.6 4.
 -53.2 4.
 -52.8 2.
 -52.4 3.
 -52. 771.
 -51.6 430.
 -51.2 391.
 -50.8 391.
 -50.4 458.
 -50. 2260.
 -49.6 1082.
 -49.2 47.
 -48.8 67.
 -48.4 79.
 -48. 413.
 -47.6 496.
 -47.2 2521.
 -46.8 826.
 -46.4 1608.
 -46. 946.
 -45.6 2305.
 -45.2 4531.
 -44.8 1805.
 -44.4 3853.
 -44. 4551.
 -43.6 4858.
 -43.2 4327.
 -42.8 4065.
 -42.4 4193.
 -42. 6541.
 -41.6 13392.
 -41.2 17995.
 -40.8 12290.
 -40.4 12977.
 -40. 12382.
 -39.6 14966.
 -39.2 13811.
 -38.8 21965.
 -38.4 17984.
 -38. 14172.
 -37.6 32401.
 -37.2 21397.
 -36.8 19109.
 -36.4 21445.
 -36. 25903.
 -35.6 26117.
 -35.2 21943.
 -34.8 21487.
 -34.4 31356.
 -34. 27385.
 -33.6 26901.
 -33.2 27661.
 -32.8 33237.
 -32.4 26435.
 -32. 38113.
 -31.6 45451.
 -31.2 32762.
 -30.8 39854.
 -30.4 38050.
 -30. 40808.
 -29.6 45450.
 -29.2 47326.
 -28.8 48738.
 -28.4 43770.
 -28. 52608.
 -27.6 57760.
 -27.2 55891.
 -26.8 55493.
 -26.4 61569.
 -26. 60726.
 -25.6 59219.
 -25.2 69003.
 -24.8 63326.
 -24.4 73005.
 -24. 69930.
 -23.6 65074.
 -23.2 66088.
 -22.8 79007.
 -22.4 66434.
 -22. 71154.
 -21.6 69808.
 -21.2 68370.
 -20.8 71895.
 -20.4 76618.
 -20. 68120.
 -19.6 70754.
 -19.2 71104.
 -18.8 79316.
 -18.4 71416.
 -18. 69364.
 -17.6 69154.
 -17.2 71699.
 -16.8 67883.
 -16.4 65992.
 -16. 64838.
 -15.6 62397.
 -15.2 64805.
 -14.8 57826.
 -14.4 59170.
 -14. 64319.
 -13.6 57676.
 -13.2 61859.
 -12.8 56889.
 -12.4 54126.
 -12. 54432.
 -11.6 55633.
 -11.2 54017.
 -10.8 52660.
 -10.4 50952.
 -10. 48237.
 -9.6 50974.
 -9.2 47573.
 -8.8 48852.
 -8.4 46760.
 -8. 45226.
 -7.6 44978.
 -7.2 43565.
 -6.8 43242.
 -6.4 46035.
 -6. 43036.
 -5.6 43938.
 -5.2 40724.
 -4.8 41493.
 -4.4 39698.
 -4. 39197.
 -3.6 41889.
 -3.2 41067.
 -2.8 38537.
 -2.4 38509.
 -2. 38052.
 -1.6 38349.
 -1.2 41920.
 -0.8 38194.
 -0.4 37636.
 0. 76322.
 0.4 40470.
 0.8 37876.
 1.2 37548.
 1.6 37799.
 2. 39309.
 2.4 38462.
 2.8 42436.
 3.2 38742.
 3.6 40805.
 4. 40821.
 4.4 43358.
 4.8 40377.
 5.2 41615.
 5.6 41072.
 6. 42357.
 6.4 42113.
 6.8 44564.
 7.2 43970.
 7.6 46938.
 8. 45974.
 8.4 47108.
 8.8 51923.
 9.2 49868.
 9.6 50806.
 10. 48469.
 10.4 49484.
 10.8 52710.
 11.2 52779.
 11.6 52667.
 12. 54688.
 12.4 54340.
 12.8 56628.
 13.2 55486.
 13.6 61027.
 14. 62704.
 14.4 63230.
 14.8 61952.
 15.2 60752.
 15.6 62743.
 16. 72548.
 16.4 68708.
 16.8 70272.
 17.2 68014.
 17.6 63705.
 18. 67112.
 18.4 74525.
 18.8 66455.
 19.2 70540.
 19.6 74387.
 20. 70982.
 20.4 73003.
 20.8 74357.
 21.2 72046.
 21.6 77909.
 22. 72657.
 22.4 78660.
 22.8 72581.
 23.2 78804.
 23.6 68954.
 24. 65039.
 24.4 68788.
 24.8 65650.
 25.2 64488.
 25.6 60123.
 26. 69364.
 26.4 67676.
 26.8 53886.
 27.2 56992.
 27.6 63488.
 28. 49719.
 28.4 57729.
 28.8 46538.
 29.2 42125.
 29.6 46279.
 30. 41783.
 30.4 40074.
 30.8 41483.
 31.2 43028.
 31.6 32200.
 32. 41015.
 32.4 32834.
 32.8 29902.
 33.2 37319.
 33.6 39024.
 34. 25580.
 34.4 24983.
 34.8 25303.
 35.2 23755.
 35.6 22968.
 36. 28881.
 36.4 16852.
 36.8 13072.
 37.2 15823.
 37.6 15274.
 38. 21861.
 38.4 15140.
 38.8 14320.
 39.2 10563.
 39.6 15364.
 40. 18211.
 40.4 9204.
 40.8 5311.
 41.2 9639.
 41.6 4650.
 42. 5780.
 42.4 5323.
 42.8 2366.
 43.2 3285.
 43.6 4423.
 44. 7017.
 44.4 5301.
 44.8 3859.
 45.2 6232.
 45.6 2393.
 46. 3618.
 46.4 1946.
 46.8 4161.
 47.2 1290.
 47.6 2614.
 48. 1944.
 48.4 2425.
 48.8 482.
 49.2 536.
 49.6 880.
 50. 319.
 50.4 383.
 50.8 219.
 51.2 467.
 51.6 590.
 52. 834.
 52.4 72.
 52.8 85.
 53.2 96.
 53.6 121.
 54. 7.
 54.4 13.
 54.8 9.
 55.2 6.
 55.6 13.
 56. 9.
 56.4 6.
 56.8 8.
 57.2 3.
 57.6 7.
 58. 3.
 58.4 2.
 58.8 0.
 59.2 0.
 59.6 0.
 60. 0.
