 -480.0000190734863 3.
 -448.0000178019206 4.
 -416.0000165303548 2.
 -384.00001525878906 3.
 -352.0000139872233 6.
 -320.00001271565753 4.
 -288.0000114440918 9.
 -256.00001017252606 10.
 -224.0000089009603 16.
 -192.00000762939453 14.
 -160.00000635782877 23.
 -128.00000508626303 26.
 -96.00000381469727 33.
 -64.00000254313152 30.
 -32.00000127156576 44.
 0. 77.
 32.00000127156576 43.
 64.00000254313152 67.
 96.00000381469727 63.
 128.00000508626303 59.
 160.00000635782877 67.
 192.00000762939453 67.
 224.0000089009603 96.
 256.00001017252606 63.
 288.0000114440918 79.
 320.00001271565753 60.
 352.0000139872233 55.
 384.00001525878906 51.
 416.0000165303548 46.
 448.0000178019206 31.
 480.0000190734863 26.
