 -45. 0.
 -44.7 0.
 -44.4 0.
 -44.1 0.
 -43.8 0.
 -43.5 0.
 -43.2 0.
 -42.9 0.
 -42.6 0.
 -42.3 0.
 -42. 0.
 -41.7 0.
 -41.4 0.
 -41.1 7.
 -40.8 9.
 -40.5 11.
 -40.2 40.
 -39.9 376.
 -39.6 476.
 -39.3 759.
 -39. 674.
 -38.7 403.
 -38.4 7014.
 -38.1 391.
 -37.8 2509.
 -37.5 366.
 -37.2 443.
 -36.9 462.
 -36.6 471.
 -36.3 2434.
 -36. 547.
 -35.7 13910.
 -35.4 5185.
 -35.1 504.
 -34.8 4928.
 -34.5 846.
 -34.2 1626.
 -33.9 14516.
 -33.6 3685.
 -33.3 12334.
 -33. 4342.
 -32.7 19633.
 -32.4 11919.
 -32.1 13575.
 -31.8 24411.
 -31.5 26239.
 -31.2 5346.
 -30.9 9676.
 -30.6 12172.
 -30.3 11874.
 -30. 25384.
 -29.7 21762.
 -29.4 12171.
 -29.1 30023.
 -28.8 39453.
 -28.5 28659.
 -28.2 20540.
 -27.9 56473.
 -27.6 38611.
 -27.3 47663.
 -27. 41310.
 -26.7 36299.
 -26.4 35503.
 -26.1 52058.
 -25.8 42871.
 -25.5 40134.
 -25.2 61109.
 -24.9 40928.
 -24.6 53727.
 -24.3 35702.
 -24. 53390.
 -23.7 79036.
 -23.4 63072.
 -23.1 63734.
 -22.8 80122.
 -22.5 64328.
 -22.2 59799.
 -21.9 61365.
 -21.6 95992.
 -21.3 98114.
 -21. 62487.
 -20.7 90587.
 -20.4 73383.
 -20.1 72361.
 -19.8 79248.
 -19.5 82540.
 -19.2 64895.
 -18.9 74267.
 -18.6 71839.
 -18.3 87228.
 -18. 91454.
 -17.7 100630.
 -17.4 94104.
 -17.1 78646.
 -16.8 94874.
 -16.5 94841.
 -16.2 99010.
 -15.9 106767.
 -15.6 101621.
 -15.3 89808.
 -15. 82259.
 -14.7 101690.
 -14.4 93720.
 -14.1 82606.
 -13.8 92566.
 -13.5 92491.
 -13.2 78860.
 -12.9 85785.
 -12.6 79783.
 -12.3 96939.
 -12. 92006.
 -11.7 89433.
 -11.4 80355.
 -11.1 82973.
 -10.8 75235.
 -10.5 65667.
 -10.2 68374.
 -9.9 75900.
 -9.6 87667.
 -9.3 66736.
 -9. 68601.
 -8.7 74673.
 -8.4 60155.
 -8.1 58019.
 -7.8 70216.
 -7.5 77161.
 -7.2 60202.
 -6.9 67396.
 -6.6 60126.
 -6.3 53655.
 -6. 52481.
 -5.7 53680.
 -5.4 64652.
 -5.1 61307.
 -4.8 54872.
 -4.5 51391.
 -4.2 49277.
 -3.9 48134.
 -3.6 51604.
 -3.3 51173.
 -3. 48061.
 -2.7 47017.
 -2.4 52737.
 -2.1 47290.
 -1.8 44838.
 -1.5 44291.
 -1.2 44699.
 -0.9 48408.
 -0.6 53280.
 -0.3 44507.
 0. 90245.
 0.3 44080.
 0.6 43997.
 0.9 50463.
 1.2 52130.
 1.5 50622.
 1.8 52598.
 2.1 48041.
 2.4 44959.
 2.7 45230.
 3. 46703.
 3.3 47385.
 3.6 61817.
 3.9 46583.
 4.2 46485.
 4.5 47799.
 4.8 50200.
 5.1 51004.
 5.4 51800.
 5.7 50404.
 6. 52595.
 6.3 62049.
 6.6 53790.
 6.9 55190.
 7.2 59673.
 7.5 61548.
 7.8 65958.
 8.1 63498.
 8.4 70007.
 8.7 62128.
 9. 70648.
 9.3 64995.
 9.6 66347.
 9.9 64786.
 10.2 71316.
 10.5 75643.
 10.8 82370.
 11.1 75062.
 11.4 78582.
 11.7 72028.
 12. 81478.
 12.3 80610.
 12.6 73896.
 12.9 71456.
 13.2 77384.
 13.5 79245.
 13.8 80909.
 14.1 82529.
 14.4 86063.
 14.7 81659.
 15. 88215.
 15.3 84513.
 15.6 81186.
 15.9 74158.
 16.2 81578.
 16.5 83117.
 16.8 77833.
 17.1 111556.
 17.4 87807.
 17.7 86045.
 18. 80615.
 18.3 96415.
 18.6 75016.
 18.9 75066.
 19.2 75764.
 19.5 91536.
 19.8 84428.
 20.1 83929.
 20.4 70950.
 20.7 89149.
 21. 65839.
 21.3 69300.
 21.6 56014.
 21.9 77321.
 22.2 77244.
 22.5 70227.
 22.8 95746.
 23.1 75761.
 23.4 73477.
 23.7 54692.
 24. 63684.
 24.3 60008.
 24.6 58497.
 24.9 69487.
 25.2 39846.
 25.5 56913.
 25.8 54630.
 26.1 39607.
 26.4 45878.
 26.7 34693.
 27. 31627.
 27.3 43515.
 27.6 63496.
 27.9 15117.
 28.2 28032.
 28.5 53415.
 28.8 26467.
 29.1 20650.
 29.4 13056.
 29.7 28847.
 30. 17024.
 30.3 8935.
 30.6 8561.
 30.9 13673.
 31.2 8310.
 31.5 6668.
 31.8 12920.
 32.1 6704.
 32.4 11274.
 32.7 20691.
 33. 3478.
 33.3 11059.
 33.6 4193.
 33.9 6316.
 34.2 18959.
 34.5 9297.
 34.8 3643.
 35.1 1227.
 35.4 8427.
 35.7 2967.
 36. 802.
 36.3 6674.
 36.6 933.
 36.9 3813.
 37.2 461.
 37.5 261.
 37.8 2694.
 38.1 50.
 38.4 2413.
 38.7 2106.
 39. 12.
 39.3 17.
 39.6 6503.
 39.9 0.
 40.2 0.
 40.5 1.
 40.8 1.
 41.1 0.
 41.4 0.
 41.7 1.
 42. 0.
 42.3 0.
 42.6 0.
 42.9 0.
 43.2 0.
 43.5 0.
 43.8 0.
 44.1 0.
 44.4 0.
 44.7 0.
 45. 0.
