 -15. 3.
 -14.9 2.
 -14.8 2.
 -14.7 2.
 -14.6 1.
 -14.5 1.
 -14.4 1.
 -14.3 1.
 -14.2 1.
 -14.1 1.
 -14. 1.
 -13.9 0.
 -13.8 1.
 -13.7 1.
 -13.6 1.
 -13.5 0.
 -13.4 1.
 -13.3 0.
 -13.2 1.
 -13.1 20000.
 -13. 0.
 -12.9 1.
 -12.8 0.
 -12.7 39964.
 -12.6 6.
 -12.5 5.
 -12.4 2.
 -12.3 59747.
 -12.2 22.
 -12.1 8.
 -12. 5.
 -11.9 4.
 -11.8 4.
 -11.7 39271.
 -11.6 26.
 -11.5 59773.
 -11.4 79933.
 -11.3 29147.
 -11.2 8870.
 -11.1 303730.
 -11. 24968.
 -10.9 50319.
 -10.8 89425.
 -10.7 78982.
 -10.6 181.
 -10.5 20175.
 -10.4 59910.
 -10.3 139069.
 -10.2 176744.
 -10.1 301.
 -10. 103536.
 -9.9 79830.
 -9.8 2212.
 -9.7 21846.
 -9.6 160904.
 -9.5 7050.
 -9.4 44324.
 -9.3 200681.
 -9.2 220349.
 -9.1 7229.
 -9. 33697.
 -8.9 147057.
 -8.8 151657.
 -8.7 148720.
 -8.6 9555.
 -8.5 76786.
 -8.4 100504.
 -8.3 227979.
 -8.2 79641.
 -8.1 435474.
 -8. 167894.
 -7.9 262883.
 -7.8 169627.
 -7.7 355988.
 -7.6 61071.
 -7.5 216329.
 -7.4 453598.
 -7.3 130684.
 -7.2 95689.
 -7.1 236603.
 -7. 174200.
 -6.9 179324.
 -6.8 239097.
 -6.7 287483.
 -6.6 386535.
 -6.5 307823.
 -6.4 179304.
 -6.3 231801.
 -6.2 155878.
 -6.1 118119.
 -6. 176245.
 -5.9 335312.
 -5.8 329748.
 -5.7 196019.
 -5.6 255373.
 -5.5 206355.
 -5.4 229632.
 -5.3 191325.
 -5.2 384678.
 -5.1 261395.
 -5. 137527.
 -4.9 258405.
 -4.8 178273.
 -4.7 247893.
 -4.6 110157.
 -4.5 240126.
 -4.4 433307.
 -4.3 216396.
 -4.2 315556.
 -4.1 188125.
 -4. 184967.
 -3.9 145376.
 -3.8 239068.
 -3.7 251422.
 -3.6 69930.
 -3.5 326150.
 -3.4 109013.
 -3.3 222753.
 -3.2 296052.
 -3.1 128305.
 -3. 248542.
 -2.9 166748.
 -2.8 84914.
 -2.7 246849.
 -2.6 151161.
 -2.5 166646.
 -2.4 115449.
 -2.3 128167.
 -2.2 163514.
 -2.1 192573.
 -2. 165594.
 -1.9 171472.
 -1.8 232456.
 -1.7 195882.
 -1.6 246570.
 -1.5 216355.
 -1.4 184384.
 -1.3 103852.
 -1.2 151611.
 -1.1 106063.
 -1. 169420.
 -0.9 207285.
 -0.8 174011.
 -0.7 215782.
 -0.6 104284.
 -0.5 145171.
 -0.4 160318.
 -0.3 97326.
 -0.2 137412.
 -0.1 121485.
 0. 295329.
 0.1 106882.
 0.2 149629.
 0.3 227651.
 0.4 172068.
 0.5 162717.
 0.6 227260.
 0.7 118424.
 0.8 305116.
 0.9 97319.
 1. 91929.
 1.1 145072.
 1.2 247340.
 1.3 111219.
 1.4 104306.
 1.5 224413.
 1.6 131977.
 1.7 243017.
 1.8 90000.
 1.9 112230.
 2. 219954.
 2.1 279341.
 2.2 187381.
 2.3 186047.
 2.4 215721.
 2.5 198872.
 2.6 218846.
 2.7 119665.
 2.8 202592.
 2.9 106628.
 3. 220511.
 3.1 437005.
 3.2 127540.
 3.3 402832.
 3.4 216576.
 3.5 215686.
 3.6 202807.
 3.7 172664.
 3.8 257725.
 3.9 286239.
 4. 273219.
 4.1 416655.
 4.2 177868.
 4.3 134069.
 4.4 224666.
 4.5 362708.
 4.6 263298.
 4.7 146540.
 4.8 142086.
 4.9 210631.
 5. 193052.
 5.1 186659.
 5.2 396365.
 5.3 402814.
 5.4 335040.
 5.5 293288.
 5.6 118925.
 5.7 125731.
 5.8 274862.
 5.9 264694.
 6. 226055.
 6.1 270730.
 6.2 178772.
 6.3 293612.
 6.4 101161.
 6.5 246141.
 6.6 169639.
 6.7 94146.
 6.8 138732.
 6.9 162598.
 7. 223911.
 7.1 178527.
 7.2 201866.
 7.3 142625.
 7.4 306061.
 7.5 166072.
 7.6 450456.
 7.7 199066.
 7.8 74263.
 7.9 291732.
 8. 131572.
 8.1 49026.
 8.2 207020.
 8.3 220636.
 8.4 146672.
 8.5 164098.
 8.6 86142.
 8.7 91781.
 8.8 93572.
 8.9 93901.
 9. 281584.
 9.1 110086.
 9.2 91020.
 9.3 89977.
 9.4 151107.
 9.5 24792.
 9.6 94824.
 9.7 10986.
 9.8 53611.
 9.9 24766.
 10. 5186.
 10.1 63871.
 10.2 7275.
 10.3 47924.
 10.4 152781.
 10.5 136700.
 10.6 7491.
 10.7 20137.
 10.8 91.
 10.9 60043.
 11. 106.
 11.1 50.
 11.2 55.
 11.3 64.
 11.4 79685.
 11.5 229.
 11.6 40103.
 11.7 20067.
 11.8 28.
 11.9 30.
 12. 20034.
 12.1 46.
 12.2 79955.
 12.3 9181.
 12.4 10526.
 12.5 64873.
 12.6 5800.
 12.7 5544.
 12.8 6250.
 12.9 9360.
 13. 9077.
 13.1 69267.
 13.2 5842.
 13.3 4.
 13.4 2.
 13.5 4.
 13.6 4.
 13.7 5.
 13.8 8.
 13.9 15.
 14. 39964.
 14.1 59760.
 14.2 0.
 14.3 0.
 14.4 0.
 14.5 0.
 14.6 0.
 14.7 0.
 14.8 0.
 14.9 0.
 15. 0.
