 -480.0000190734863 0.
 -448.0000178019206 1.
 -416.0000165303548 2.
 -384.00001525878906 2.
 -352.0000139872233 2.
 -320.00001271565753 5.
 -288.0000114440918 9.
 -256.00001017252606 6.
 -224.0000089009603 11.
 -192.00000762939453 10.
 -160.00000635782877 20.
 -128.00000508626303 16.
 -96.00000381469727 25.
 -64.00000254313152 32.
 -32.00000127156576 43.
 0. 80.
 32.00000127156576 61.
 64.00000254313152 61.
 96.00000381469727 62.
 128.00000508626303 76.
 160.00000635782877 79.
 192.00000762939453 72.
 224.0000089009603 84.
 256.00001017252606 84.
 288.0000114440918 81.
 320.00001271565753 66.
 352.0000139872233 69.
 384.00001525878906 52.
 416.0000165303548 28.
 448.0000178019206 39.
 480.0000190734863 22.
