 -270.00001072883606 3.
 -252.00001001358032 5.
 -234.00000929832458 6.
 -216.00000858306885 3.
 -198.0000078678131 4.
 -180.00000715255737 12.
 -162.00000643730164 10.
 -144.0000057220459 21.
 -126.00000500679016 22.
 -108.00000429153442 26.
 -90.00000357627869 28.
 -72.00000286102295 39.
 -54.00000214576721 46.
 -36.000001430511475 64.
 -18.000000715255737 86.
 0. 211.
 18.000000715255737 113.
 36.000001430511475 133.
 54.00000214576721 144.
 72.00000286102295 117.
 90.00000357627869 136.
 108.00000429153442 143.
 126.00000500679016 132.
 144.0000057220459 140.
 162.00000643730164 125.
 180.00000715255737 94.
 198.0000078678131 98.
 216.00000858306885 72.
 234.00000929832458 51.
 252.00001001358032 48.
 270.00001072883606 30.
