 -750.0000298023224 0.
 -700.0000278155009 1.
 -650.0000258286794 1.
 -600.0000238418579 0.
 -550.0000218550364 3.
 -500.0000198682149 4.
 -450.00001788139343 8.
 -400.00001589457196 14.
 -350.00001390775043 22.
 -300.00001192092896 28.
 -250.00000993410745 57.
 -200.00000794728598 65.
 -150.00000596046448 67.
 -100.00000397364299 111.
 -50.000001986821495 94.
 0. 155.
 50.000001986821495 40.
 100.00000397364299 24.
 150.00000596046448 8.
 200.00000794728598 6.
 250.00000993410745 11.
 300.00001192092896 12.
 350.00001390775043 14.
 400.00001589457196 9.
 450.00001788139343 10.
 500.0000198682149 9.
 550.0000218550364 5.
 600.0000238418579 9.
 650.0000258286794 5.
 700.0000278155009 3.
 750.0000298023224 3.
