 -60. 0.
 -59.6 0.
 -59.2 0.
 -58.8 2.
 -58.4 0.
 -58. 0.
 -57.6 0.
 -57.2 0.
 -56.8 0.
 -56.4 2.
 -56. 0.
 -55.6 0.
 -55.2 0.
 -54.8 1.
 -54.4 1.
 -54. 15.
 -53.6 10.
 -53.2 140.
 -52.8 21.
 -52.4 16.
 -52. 17.
 -51.6 16.
 -51.2 792.
 -50.8 32.
 -50.4 1250.
 -50. 52.
 -49.6 43.
 -49.2 2700.
 -48.8 1807.
 -48.4 102.
 -48. 259.
 -47.6 2128.
 -47.2 3304.
 -46.8 2025.
 -46.4 1974.
 -46. 1423.
 -45.6 5565.
 -45.2 2579.
 -44.8 6738.
 -44.4 9277.
 -44. 3162.
 -43.6 7091.
 -43.2 6084.
 -42.8 7682.
 -42.4 9496.
 -42. 13690.
 -41.6 11726.
 -41.2 14888.
 -40.8 11980.
 -40.4 5976.
 -40. 24195.
 -39.6 8812.
 -39.2 19249.
 -38.8 15663.
 -38.4 22320.
 -38. 25181.
 -37.6 22100.
 -37.2 20049.
 -36.8 31004.
 -36.4 18920.
 -36. 18658.
 -35.6 13034.
 -35.2 22376.
 -34.8 33810.
 -34.4 28963.
 -34. 35725.
 -33.6 38162.
 -33.2 34273.
 -32.8 44686.
 -32.4 39512.
 -32. 31714.
 -31.6 50405.
 -31.2 46167.
 -30.8 42917.
 -30.4 47578.
 -30. 44515.
 -29.6 52322.
 -29.2 44233.
 -28.8 47818.
 -28.4 46143.
 -28. 51362.
 -27.6 50027.
 -27.2 50938.
 -26.8 50196.
 -26.4 55696.
 -26. 56576.
 -25.6 55442.
 -25.2 66313.
 -24.8 62996.
 -24.4 62659.
 -24. 64884.
 -23.6 78587.
 -23.2 67321.
 -22.8 64272.
 -22.4 71669.
 -22. 61413.
 -21.6 77219.
 -21.2 70975.
 -20.8 67506.
 -20.4 69963.
 -20. 69101.
 -19.6 71526.
 -19.2 73703.
 -18.8 66079.
 -18.4 65832.
 -18. 71270.
 -17.6 64441.
 -17.2 66419.
 -16.8 64135.
 -16.4 62119.
 -16. 66903.
 -15.6 66907.
 -15.2 63450.
 -14.8 66356.
 -14.4 59110.
 -14. 57884.
 -13.6 58877.
 -13.2 57930.
 -12.8 53519.
 -12.4 58562.
 -12. 60178.
 -11.6 52767.
 -11.2 59247.
 -10.8 51743.
 -10.4 49074.
 -10. 48190.
 -9.6 51582.
 -9.2 48988.
 -8.8 45794.
 -8.4 45204.
 -8. 48116.
 -7.6 46920.
 -7.2 44489.
 -6.8 44763.
 -6.4 44687.
 -6. 41864.
 -5.6 41104.
 -5.2 41384.
 -4.8 42871.
 -4.4 39819.
 -4. 39714.
 -3.6 40619.
 -3.2 39352.
 -2.8 39143.
 -2.4 39770.
 -2. 38472.
 -1.6 38636.
 -1.2 38270.
 -0.8 38173.
 -0.4 42096.
 0. 77602.
 0.4 38180.
 0.8 38740.
 1.2 38390.
 1.6 38397.
 2. 46006.
 2.4 41303.
 2.8 40292.
 3.2 42045.
 3.6 41211.
 4. 39846.
 4.4 39928.
 4.8 42527.
 5.2 40276.
 5.6 40950.
 6. 41376.
 6.4 43320.
 6.8 42693.
 7.2 42953.
 7.6 44013.
 8. 44766.
 8.4 46626.
 8.8 45907.
 9.2 47081.
 9.6 48322.
 10. 52728.
 10.4 55883.
 10.8 51170.
 11.2 55792.
 11.6 55240.
 12. 55384.
 12.4 55006.
 12.8 63846.
 13.2 55095.
 13.6 65934.
 14. 59970.
 14.4 62994.
 14.8 64910.
 15.2 61439.
 15.6 62590.
 16. 64982.
 16.4 66123.
 16.8 66523.
 17.2 69198.
 17.6 69128.
 18. 67188.
 18.4 73968.
 18.8 68606.
 19.2 74452.
 19.6 72701.
 20. 66415.
 20.4 70085.
 20.8 68864.
 21.2 71315.
 21.6 73639.
 22. 70244.
 22.4 68602.
 22.8 72223.
 23.2 72979.
 23.6 69203.
 24. 61270.
 24.4 74746.
 24.8 62232.
 25.2 63774.
 25.6 56938.
 26. 51761.
 26.4 60088.
 26.8 59217.
 27.2 46920.
 27.6 55135.
 28. 41167.
 28.4 44606.
 28.8 50385.
 29.2 46858.
 29.6 40512.
 30. 38441.
 30.4 43126.
 30.8 41099.
 31.2 43583.
 31.6 34745.
 32. 38257.
 32.4 35231.
 32.8 24562.
 33.2 24304.
 33.6 33359.
 34. 32335.
 34.4 19628.
 34.8 35208.
 35.2 29596.
 35.6 22156.
 36. 16567.
 36.4 21066.
 36.8 20298.
 37.2 36380.
 37.6 20541.
 38. 22563.
 38.4 14457.
 38.8 18604.
 39.2 11192.
 39.6 13270.
 40. 21755.
 40.4 11879.
 40.8 4441.
 41.2 9982.
 41.6 7371.
 42. 7912.
 42.4 8890.
 42.8 15779.
 43.2 6677.
 43.6 7865.
 44. 4242.
 44.4 6551.
 44.8 2882.
 45.2 6264.
 45.6 3318.
 46. 1979.
 46.4 136.
 46.8 1166.
 47.2 1735.
 47.6 3583.
 48. 1325.
 48.4 866.
 48.8 42.
 49.2 839.
 49.6 38.
 50. 20.
 50.4 417.
 50.8 17.
 51.2 146.
 51.6 774.
 52. 13.
 52.4 7.
 52.8 4.
 53.2 0.
 53.6 3.
 54. 0.
 54.4 0.
 54.8 0.
 55.2 0.
 55.6 0.
 56. 0.
 56.4 0.
 56.8 0.
 57.2 0.
 57.6 0.
 58. 0.
 58.4 0.
 58.8 0.
 59.2 0.
 59.6 0.
 60. 0.
