 -480.0000190734863 0.
 -448.0000178019206 0.
 -416.0000165303548 0.
 -384.00001525878906 0.
 -352.0000139872233 4.
 -320.00001271565753 2.
 -288.0000114440918 4.
 -256.00001017252606 2.
 -224.0000089009603 4.
 -192.00000762939453 9.
 -160.00000635782877 99.
 -128.00000508626303 80.
 -96.00000381469727 78.
 -64.00000254313152 64.
 -32.00000127156576 65.
 0. 148.
 32.00000127156576 85.
 64.00000254313152 67.
 96.00000381469727 91.
 128.00000508626303 139.
 160.00000635782877 49.
 192.00000762939453 29.
 224.0000089009603 43.
 256.00001017252606 38.
 288.0000114440918 37.
 320.00001271565753 24.
 352.0000139872233 18.
 384.00001525878906 21.
 416.0000165303548 19.
 448.0000178019206 10.
 480.0000190734863 6.
