 -120.00000476837158 35.
 -112.00000445048015 50.
 -104.0000041325887 42.
 -96.00000381469727 43.
 -88.00000349680583 40.
 -80.00000317891438 32.
 -72.00000286102295 47.
 -64.00000254313152 54.
 -56.000002225240074 141.
 -48.00000190734863 169.
 -40.00000158945719 208.
 -32.00000127156576 230.
 -24.000000953674316 236.
 -16.00000063578288 165.
 -8.00000031789144 204.
 0. 404.
 8.00000031789144 237.
 16.00000063578288 321.
 24.000000953674316 328.
 32.00000127156576 300.
 40.00000158945719 306.
 48.00000190734863 163.
 56.000002225240074 168.
 64.00000254313152 145.
 72.00000286102295 133.
 80.00000317891438 123.
 88.00000349680583 95.
 96.00000381469727 97.
 104.0000041325887 54.
 112.00000445048015 74.
 120.00000476837158 39.
