 -30. 0.
 -29.8 0.
 -29.6 329.
 -29.4 197.
 -29.2 151.
 -29. 286.
 -28.8 263.
 -28.6 219.
 -28.4 190.
 -28.2 183.
 -28. 171.
 -27.8 164.
 -27.6 223.
 -27.4 415.
 -27.2 285.
 -27. 418.
 -26.8 357.
 -26.6 312.
 -26.4 291.
 -26.2 5229.
 -26. 272.
 -25.8 306.
 -25.6 4183.
 -25.4 281.
 -25.2 292.
 -25. 312.
 -24.8 1560.
 -24.6 28011.
 -24.4 923.
 -24.2 701.
 -24. 3199.
 -23.8 3177.
 -23.6 19976.
 -23.4 22088.
 -23.2 24833.
 -23. 2494.
 -22.8 2811.
 -22.6 29542.
 -22.4 20101.
 -22.2 5270.
 -22. 14483.
 -21.8 30377.
 -21.6 37011.
 -21.4 37638.
 -21.2 25760.
 -21. 30354.
 -20.8 58379.
 -20.6 59332.
 -20.4 58681.
 -20.2 65120.
 -20. 29426.
 -19.8 78335.
 -19.6 79581.
 -19.4 44624.
 -19.2 67481.
 -19. 72887.
 -18.8 107432.
 -18.6 144026.
 -18.4 70885.
 -18.2 163064.
 -18. 103384.
 -17.8 60024.
 -17.6 80558.
 -17.4 118256.
 -17.2 88275.
 -17. 151319.
 -16.8 65227.
 -16.6 100028.
 -16.4 150581.
 -16.2 129076.
 -16. 112136.
 -15.8 126413.
 -15.6 117293.
 -15.4 134278.
 -15.2 144486.
 -15. 126089.
 -14.8 113828.
 -14.6 97720.
 -14.4 128459.
 -14.2 111287.
 -14. 64223.
 -13.8 103163.
 -13.6 176036.
 -13.4 120183.
 -13.2 162739.
 -13. 129022.
 -12.8 124255.
 -12.6 174265.
 -12.4 141553.
 -12.2 207293.
 -12. 108099.
 -11.8 171651.
 -11.6 208418.
 -11.4 195747.
 -11.2 126955.
 -11. 93521.
 -10.8 104759.
 -10.6 105531.
 -10.4 185938.
 -10.2 118171.
 -10. 159236.
 -9.8 158309.
 -9.6 71020.
 -9.4 76221.
 -9.2 98391.
 -9. 92987.
 -8.8 107156.
 -8.6 100480.
 -8.4 92637.
 -8.2 95820.
 -8. 75916.
 -7.8 81428.
 -7.6 77272.
 -7.4 113640.
 -7.2 107315.
 -7. 84956.
 -6.8 72576.
 -6.6 57110.
 -6.4 157633.
 -6.2 58996.
 -6. 86002.
 -5.8 53276.
 -5.6 71142.
 -5.4 53678.
 -5.2 49770.
 -5. 65795.
 -4.8 43285.
 -4.6 49281.
 -4.4 44321.
 -4.2 60819.
 -4. 60743.
 -3.8 46278.
 -3.6 55734.
 -3.4 36648.
 -3.2 51175.
 -3. 63041.
 -2.8 48765.
 -2.6 58849.
 -2.4 41908.
 -2.2 43129.
 -2. 36331.
 -1.8 43870.
 -1.6 52925.
 -1.4 51079.
 -1.2 46515.
 -1. 44995.
 -0.8 47527.
 -0.6 35915.
 -0.4 49024.
 -0.2 31358.
 0. 73727.
 0.2 51714.
 0.4 37696.
 0.6 42335.
 0.8 62393.
 1. 43307.
 1.2 34672.
 1.4 47097.
 1.6 41168.
 1.8 33476.
 2. 38589.
 2.2 36541.
 2.4 51133.
 2.6 51582.
 2.8 46861.
 3. 38131.
 3.2 43437.
 3.4 60794.
 3.6 67161.
 3.8 63484.
 4. 41539.
 4.2 82296.
 4.4 87003.
 4.6 70736.
 4.8 45698.
 5. 48336.
 5.2 68382.
 5.4 48998.
 5.6 62629.
 5.8 67603.
 6. 92077.
 6.2 84479.
 6.4 51309.
 6.6 109000.
 6.8 73018.
 7. 75397.
 7.2 90846.
 7.4 95439.
 7.6 91598.
 7.8 91304.
 8. 92785.
 8.2 107029.
 8.4 83204.
 8.6 85505.
 8.8 74441.
 9. 66255.
 9.2 158332.
 9.4 124668.
 9.6 191722.
 9.8 131445.
 10. 85700.
 10.2 129290.
 10.4 159097.
 10.6 127424.
 10.8 142886.
 11. 153710.
 11.2 84949.
 11.4 122311.
 11.6 138138.
 11.8 163972.
 12. 83170.
 12.2 150517.
 12.4 132760.
 12.6 152699.
 12.8 174532.
 13. 152076.
 13.2 208647.
 13.4 127889.
 13.6 229788.
 13.8 131447.
 14. 114259.
 14.2 139637.
 14.4 192358.
 14.6 157998.
 14.8 98530.
 15. 141929.
 15.2 112813.
 15.4 98908.
 15.6 136101.
 15.8 92026.
 16. 107320.
 16.2 115015.
 16.4 104899.
 16.6 176605.
 16.8 53619.
 17. 84727.
 17.2 84681.
 17.4 118999.
 17.6 120865.
 17.8 108310.
 18. 49642.
 18.2 58865.
 18.4 89759.
 18.6 74834.
 18.8 104659.
 19. 70301.
 19.2 74019.
 19.4 44195.
 19.6 37249.
 19.8 36345.
 20. 46582.
 20.2 47729.
 20.4 35167.
 20.6 67580.
 20.8 29326.
 21. 31678.
 21.2 26607.
 21.4 17825.
 21.6 43114.
 21.8 13646.
 22. 6468.
 22.2 5851.
 22.4 25540.
 22.6 17705.
 22.8 13656.
 23. 2834.
 23.2 2406.
 23.4 17266.
 23.6 38447.
 23.8 38652.
 24. 2694.
 24.2 2820.
 24.4 11741.
 24.6 1437.
 24.8 1551.
 25. 11609.
 25.2 1500.
 25.4 1694.
 25.6 2348.
 25.8 6222.
 26. 686.
 26.2 9.
 26.4 12.
 26.6 12.
 26.8 16.
 27. 27.
 27.2 11330.
 27.4 9953.
 27.6 1.
 27.8 2.
 28. 3.
 28.2 0.
 28.4 0.
 28.6 0.
 28.8 1.
 29. 0.
 29.2 1.
 29.4 0.
 29.6 1.
 29.8 0.
 30. 2.
