 -120.00000476837158 0.
 -112.00000445048015 1.
 -104.0000041325887 3.
 -96.00000381469727 12.
 -88.00000349680583 25.
 -80.00000317891438 46.
 -72.00000286102295 85.
 -64.00000254313152 153.
 -56.000002225240074 211.
 -48.00000190734863 358.
 -40.00000158945719 437.
 -32.00000127156576 519.
 -24.000000953674316 551.
 -16.00000063578288 563.
 -8.00000031789144 560.
 0. 805.
 8.00000031789144 263.
 16.00000063578288 170.
 24.000000953674316 98.
 32.00000127156576 54.
 40.00000158945719 43.
 48.00000190734863 9.
 56.000002225240074 11.
 64.00000254313152 10.
 72.00000286102295 4.
 80.00000317891438 3.
 88.00000349680583 2.
 96.00000381469727 1.
 104.0000041325887 1.
 112.00000445048015 2.
 120.00000476837158 0.
