 -480.0000190734863 0.
 -448.0000178019206 0.
 -416.0000165303548 0.
 -384.00001525878906 1.
 -352.0000139872233 2.
 -320.00001271565753 8.
 -288.0000114440918 9.
 -256.00001017252606 3.
 -224.0000089009603 7.
 -192.00000762939453 13.
 -160.00000635782877 18.
 -128.00000508626303 17.
 -96.00000381469727 28.
 -64.00000254313152 24.
 -32.00000127156576 26.
 0. 79.
 32.00000127156576 50.
 64.00000254313152 58.
 96.00000381469727 59.
 128.00000508626303 78.
 160.00000635782877 78.
 192.00000762939453 96.
 224.0000089009603 95.
 256.00001017252606 94.
 288.0000114440918 67.
 320.00001271565753 73.
 352.0000139872233 70.
 384.00001525878906 52.
 416.0000165303548 41.
 448.0000178019206 30.
 480.0000190734863 18.
