 -15. 0.
 -14.9 6.
 -14.8 26.
 -14.7 25.
 -14.6 59301.
 -14.5 2.
 -14.4 2.
 -14.3 1.
 -14.2 1.
 -14.1 1.
 -14. 1.
 -13.9 1.
 -13.8 1.
 -13.7 1.
 -13.6 1.
 -13.5 79660.
 -13.4 9.
 -13.3 25.
 -13.2 119662.
 -13.1 39.
 -13. 31.
 -12.9 26.
 -12.8 25.
 -12.7 53.
 -12.6 59306.
 -12.5 15.
 -12.4 17.
 -12.3 15.
 -12.2 80067.
 -12.1 71.
 -12. 39870.
 -11.9 1428.
 -11.8 163778.
 -11.7 64819.
 -11.6 4034.
 -11.5 3642.
 -11.4 43536.
 -11.3 45581.
 -11.2 4675.
 -11.1 6557.
 -11. 86091.
 -10.9 6104.
 -10.8 124778.
 -10.7 86936.
 -10.6 66254.
 -10.5 8333.
 -10.4 30780.
 -10.3 102593.
 -10.2 42870.
 -10.1 122290.
 -10. 122838.
 -9.9 102320.
 -9.8 3951.
 -9.7 79159.
 -9.6 35875.
 -9.5 32600.
 -9.4 92653.
 -9.3 59427.
 -9.2 229238.
 -9.1 22111.
 -9. 44129.
 -8.9 296109.
 -8.8 109295.
 -8.7 9240.
 -8.6 166682.
 -8.5 157024.
 -8.4 118818.
 -8.3 60944.
 -8.2 116824.
 -8.1 121232.
 -8. 88470.
 -7.9 271078.
 -7.8 231053.
 -7.7 31983.
 -7.6 164910.
 -7.5 251239.
 -7.4 94801.
 -7.3 157294.
 -7.2 113620.
 -7.1 143555.
 -7. 153497.
 -6.9 100736.
 -6.8 79108.
 -6.7 118692.
 -6.6 275281.
 -6.5 172075.
 -6.4 241831.
 -6.3 343290.
 -6.2 205665.
 -6.1 397887.
 -6. 81803.
 -5.9 297898.
 -5.8 139978.
 -5.7 333504.
 -5.6 223782.
 -5.5 140955.
 -5.4 104667.
 -5.3 224432.
 -5.2 253186.
 -5.1 203215.
 -5. 300759.
 -4.9 282778.
 -4.8 272821.
 -4.7 204289.
 -4.6 263781.
 -4.5 314764.
 -4.4 296300.
 -4.3 231554.
 -4.2 487950.
 -4.1 272646.
 -4. 361326.
 -3.9 164480.
 -3.8 325762.
 -3.7 314994.
 -3.6 196161.
 -3.5 216853.
 -3.4 271528.
 -3.3 366521.
 -3.2 243244.
 -3.1 343018.
 -3. 293400.
 -2.9 156788.
 -2.8 267426.
 -2.7 204657.
 -2.6 161810.
 -2.5 232250.
 -2.4 197155.
 -2.3 230956.
 -2.2 209992.
 -2.1 196881.
 -2. 151538.
 -1.9 145281.
 -1.8 96090.
 -1.7 100651.
 -1.6 108498.
 -1.5 197817.
 -1.4 103926.
 -1.3 116872.
 -1.2 188912.
 -1.1 174854.
 -1. 123251.
 -0.9 179123.
 -0.8 179327.
 -0.7 111548.
 -0.6 164903.
 -0.5 194740.
 -0.4 164471.
 -0.3 106231.
 -0.2 138996.
 -0.1 200887.
 0. 340261.
 0.1 112494.
 0.2 174404.
 0.3 169068.
 0.4 167945.
 0.5 172189.
 0.6 103217.
 0.7 105373.
 0.8 161041.
 0.9 219626.
 1. 126551.
 1.1 226122.
 1.2 223748.
 1.3 270890.
 1.4 106764.
 1.5 100189.
 1.6 288528.
 1.7 205699.
 1.8 319384.
 1.9 182801.
 2. 210213.
 2.1 142329.
 2.2 96393.
 2.3 107909.
 2.4 175414.
 2.5 212384.
 2.6 209713.
 2.7 184532.
 2.8 202380.
 2.9 155913.
 3. 294377.
 3.1 155286.
 3.2 190431.
 3.3 249834.
 3.4 213046.
 3.5 266806.
 3.6 620482.
 3.7 436079.
 3.8 258654.
 3.9 191436.
 4. 104219.
 4.1 167439.
 4.2 87751.
 4.3 78607.
 4.4 186643.
 4.5 169399.
 4.6 267805.
 4.7 308838.
 4.8 318579.
 4.9 265214.
 5. 351876.
 5.1 243242.
 5.2 136228.
 5.3 364331.
 5.4 84189.
 5.5 116597.
 5.6 113592.
 5.7 160866.
 5.8 293760.
 5.9 191047.
 6. 125417.
 6.1 157622.
 6.2 233014.
 6.3 397735.
 6.4 549035.
 6.5 165566.
 6.6 160348.
 6.7 102944.
 6.8 235190.
 6.9 173745.
 7. 341088.
 7.1 317831.
 7.2 55682.
 7.3 131470.
 7.4 418181.
 7.5 264681.
 7.6 235317.
 7.7 209434.
 7.8 354325.
 7.9 170196.
 8. 118859.
 8.1 175964.
 8.2 129743.
 8.3 12310.
 8.4 149203.
 8.5 229117.
 8.6 107889.
 8.7 213649.
 8.8 47160.
 8.9 46084.
 9. 7247.
 9.1 86296.
 9.2 84855.
 9.3 64180.
 9.4 6121.
 9.5 24156.
 9.6 163020.
 9.7 62613.
 9.8 63036.
 9.9 82056.
 10. 4444.
 10.1 4690.
 10.2 43149.
 10.3 5562.
 10.4 44848.
 10.5 46098.
 10.6 11879.
 10.7 41858.
 10.8 1456.
 10.9 39862.
 11. 80093.
 11.1 81663.
 11.2 3208.
 11.3 119965.
 11.4 19043.
 11.5 1196.
 11.6 21560.
 11.7 79916.
 11.8 772.
 11.9 788.
 12. 883.
 12.1 950.
 12.2 41101.
 12.3 823.
 12.4 40860.
 12.5 938.
 12.6 1041.
 12.7 1215.
 12.8 1690.
 12.9 1782.
 13. 14.
 13.1 18.
 13.2 24.
 13.3 138941.
 13.4 26.
 13.5 25.
 13.6 20.
 13.7 4.
 13.8 59306.
 13.9 39923.
 14. 130.
 14.1 2.
 14.2 3.
 14.3 4.
 14.4 7.
 14.5 25.
 14.6 79635.
 14.7 0.
 14.8 0.
 14.9 0.
 15. 0.
