 -120.00000476837158 52.
 -112.00000445048015 57.
 -104.0000041325887 56.
 -96.00000381469727 62.
 -88.00000349680583 56.
 -80.00000317891438 73.
 -72.00000286102295 91.
 -64.00000254313152 95.
 -56.000002225240074 83.
 -48.00000190734863 98.
 -40.00000158945719 84.
 -32.00000127156576 123.
 -24.000000953674316 105.
 -16.00000063578288 111.
 -8.00000031789144 125.
 0. 277.
 8.00000031789144 114.
 16.00000063578288 113.
 24.000000953674316 120.
 32.00000127156576 126.
 40.00000158945719 129.
 48.00000190734863 130.
 56.000002225240074 127.
 64.00000254313152 142.
 72.00000286102295 134.
 80.00000317891438 114.
 88.00000349680583 128.
 96.00000381469727 113.
 104.0000041325887 114.
 112.00000445048015 127.
 120.00000476837158 103.
