 -120.00000476837158 8.
 -112.00000445048015 4.
 -104.0000041325887 2.
 -96.00000381469727 0.
 -88.00000349680583 6.
 -80.00000317891438 1.
 -72.00000286102295 2.
 -64.00000254313152 30.
 -56.000002225240074 1302.
 -48.00000190734863 3146.
 -40.00000158945719 358.
 -32.00000127156576 10.
 -24.000000953674316 6.
 -16.00000063578288 9.
 -8.00000031789144 6.
 0. 18.
 8.00000031789144 3.
 16.00000063578288 6.
 24.000000953674316 10.
 32.00000127156576 11.
 40.00000158945719 8.
 48.00000190734863 4.
 56.000002225240074 9.
 64.00000254313152 5.
 72.00000286102295 5.
 80.00000317891438 11.
 88.00000349680583 0.
 96.00000381469727 0.
 104.0000041325887 2.
 112.00000445048015 0.
 120.00000476837158 0.
