 -75. 0.
 -74.5 0.
 -74. 0.
 -73.5 0.
 -73. 0.
 -72.5 0.
 -72. 0.
 -71.5 0.
 -71. 0.
 -70.5 0.
 -70. 1.
 -69.5 0.
 -69. 1.
 -68.5 2.
 -68. 1.
 -67.5 0.
 -67. 1.
 -66.5 0.
 -66. 2.
 -65.5 2.
 -65. 2.
 -64.5 5.
 -64. 10.
 -63.5 8.
 -63. 13.
 -62.5 1705.
 -62. 30.
 -61.5 23.
 -61. 29.
 -60.5 39.
 -60. 44.
 -59.5 79.
 -59. 560.
 -58.5 95.
 -58. 293.
 -57.5 450.
 -57. 156.
 -56.5 237.
 -56. 1091.
 -55.5 334.
 -55. 3168.
 -54.5 1688.
 -54. 1692.
 -53.5 995.
 -53. 1644.
 -52.5 1092.
 -52. 2567.
 -51.5 2696.
 -51. 3236.
 -50.5 3410.
 -50. 2959.
 -49.5 2840.
 -49. 3611.
 -48.5 4467.
 -48. 4019.
 -47.5 6293.
 -47. 4088.
 -46.5 7052.
 -46. 5505.
 -45.5 8350.
 -45. 7106.
 -44.5 8068.
 -44. 9059.
 -43.5 11546.
 -43. 13575.
 -42.5 13906.
 -42. 14107.
 -41.5 14088.
 -41. 16435.
 -40.5 16792.
 -40. 21490.
 -39.5 22836.
 -39. 25238.
 -38.5 23308.
 -38. 25948.
 -37.5 27793.
 -37. 28984.
 -36.5 37444.
 -36. 33631.
 -35.5 36943.
 -35. 38349.
 -34.5 43027.
 -34. 41931.
 -33.5 45282.
 -33. 47115.
 -32.5 47227.
 -32. 50938.
 -31.5 54047.
 -31. 53902.
 -30.5 55988.
 -30. 55426.
 -29.5 58951.
 -29. 61796.
 -28.5 59890.
 -28. 62332.
 -27.5 61278.
 -27. 62102.
 -26.5 63919.
 -26. 62221.
 -25.5 63900.
 -25. 63997.
 -24.5 62844.
 -24. 63305.
 -23.5 62848.
 -23. 61787.
 -22.5 62402.
 -22. 61166.
 -21.5 59952.
 -21. 59373.
 -20.5 59427.
 -20. 57886.
 -19.5 56652.
 -19. 58044.
 -18.5 56243.
 -18. 54222.
 -17.5 53304.
 -17. 52708.
 -16.5 52070.
 -16. 51006.
 -15.5 50664.
 -15. 49511.
 -14.5 49197.
 -14. 47970.
 -13.5 47416.
 -13. 46999.
 -12.5 45060.
 -12. 45031.
 -11.5 44046.
 -11. 43523.
 -10.5 43581.
 -10. 42182.
 -9.5 41890.
 -9. 41261.
 -8.5 40353.
 -8. 39793.
 -7.5 41116.
 -7. 39196.
 -6.5 38398.
 -6. 38293.
 -5.5 37806.
 -5. 37223.
 -4.5 37514.
 -4. 37105.
 -3.5 37054.
 -3. 36591.
 -2.5 36985.
 -2. 36351.
 -1.5 36129.
 -1. 35917.
 -0.5 36169.
 0. 72510.
 0.5 36490.
 1. 36287.
 1.5 36696.
 2. 36193.
 2.5 36951.
 3. 36528.
 3.5 36980.
 4. 37103.
 4.5 37222.
 5. 37949.
 5.5 38244.
 6. 38527.
 6.5 38938.
 7. 39700.
 7.5 39699.
 8. 40249.
 8.5 41568.
 9. 41120.
 9.5 42192.
 10. 42133.
 10.5 42697.
 11. 43670.
 11.5 44426.
 12. 45732.
 12.5 45526.
 13. 46153.
 13.5 46871.
 14. 47981.
 14.5 48824.
 15. 49735.
 15.5 50656.
 16. 52237.
 16.5 52860.
 17. 53755.
 17.5 53829.
 18. 55208.
 18.5 56105.
 19. 56744.
 19.5 57502.
 20. 58772.
 20.5 59775.
 21. 59784.
 21.5 62482.
 22. 60740.
 22.5 61243.
 23. 64067.
 23.5 63239.
 24. 62604.
 24.5 62925.
 25. 62944.
 25.5 62641.
 26. 62166.
 26.5 61905.
 27. 61191.
 27.5 60655.
 28. 61668.
 28.5 59809.
 29. 59788.
 29.5 57907.
 30. 56016.
 30.5 54424.
 31. 52705.
 31.5 50987.
 32. 50835.
 32.5 49120.
 33. 47508.
 33.5 43852.
 34. 42158.
 34.5 39810.
 35. 41029.
 35.5 36685.
 36. 36425.
 36.5 31476.
 37. 31436.
 37.5 27579.
 38. 26428.
 38.5 24933.
 39. 21311.
 39.5 20770.
 40. 18186.
 40.5 21367.
 41. 18796.
 41.5 15018.
 42. 12989.
 42.5 14076.
 43. 11400.
 43.5 11006.
 44. 8206.
 44.5 9607.
 45. 9306.
 45.5 8783.
 46. 6070.
 46.5 5466.
 47. 5391.
 47.5 10233.
 48. 3958.
 48.5 4890.
 49. 2989.
 49.5 2129.
 50. 4696.
 50.5 1881.
 51. 3713.
 51.5 4239.
 52. 1774.
 52.5 1452.
 53. 1235.
 53.5 1887.
 54. 417.
 54.5 1090.
 55. 278.
 55.5 2592.
 56. 2353.
 56.5 854.
 57. 130.
 57.5 449.
 58. 90.
 58.5 93.
 59. 261.
 59.5 814.
 60. 43.
 60.5 26.
 61. 28.
 61.5 19.
 62. 19.
 62.5 6.
 63. 13.
 63.5 10.
 64. 7.
 64.5 6.
 65. 1.
 65.5 6.
 66. 1.
 66.5 1.
 67. 0.
 67.5 1.
 68. 2.
 68.5 1.
 69. 0.
 69.5 0.
 70. 1.
 70.5 0.
 71. 0.
 71.5 0.
 72. 0.
 72.5 0.
 73. 0.
 73.5 0.
 74. 0.
 74.5 0.
 75. 0.
