 -270.00001072883606 3.
 -252.00001001358032 3.
 -234.00000929832458 6.
 -216.00000858306885 7.
 -198.0000078678131 9.
 -180.00000715255737 7.
 -162.00000643730164 5.
 -144.0000057220459 13.
 -126.00000500679016 11.
 -108.00000429153442 20.
 -90.00000357627869 27.
 -72.00000286102295 32.
 -54.00000214576721 31.
 -36.000001430511475 53.
 -18.000000715255737 62.
 0. 170.
 18.000000715255737 98.
 36.000001430511475 111.
 54.00000214576721 123.
 72.00000286102295 144.
 90.00000357627869 137.
 108.00000429153442 139.
 126.00000500679016 152.
 144.0000057220459 138.
 162.00000643730164 141.
 180.00000715255737 107.
 198.0000078678131 85.
 216.00000858306885 89.
 234.00000929832458 75.
 252.00001001358032 51.
 270.00001072883606 57.
