 -75. 0.
 -74.5 0.
 -74. 0.
 -73.5 0.
 -73. 0.
 -72.5 1.
 -72. 0.
 -71.5 1.
 -71. 0.
 -70.5 1.
 -70. 2.
 -69.5 0.
 -69. 7.
 -68.5 5.
 -68. 6.
 -67.5 5.
 -67. 13.
 -66.5 12.
 -66. 18.
 -65.5 24.
 -65. 21.
 -64.5 26.
 -64. 25.
 -63.5 36.
 -63. 38.
 -62.5 43.
 -62. 69.
 -61.5 797.
 -61. 801.
 -60.5 829.
 -60. 105.
 -59.5 102.
 -59. 109.
 -58.5 133.
 -58. 596.
 -57.5 169.
 -57. 980.
 -56.5 824.
 -56. 322.
 -55.5 906.
 -55. 409.
 -54.5 1239.
 -54. 2049.
 -53.5 1131.
 -53. 1233.
 -52.5 2789.
 -52. 1843.
 -51.5 2092.
 -51. 1937.
 -50.5 2619.
 -50. 2438.
 -49.5 3553.
 -49. 4037.
 -48.5 2790.
 -48. 3780.
 -47.5 4737.
 -47. 4548.
 -46.5 5999.
 -46. 5701.
 -45.5 6002.
 -45. 6599.
 -44.5 10115.
 -44. 9326.
 -43.5 11335.
 -43. 10356.
 -42.5 13048.
 -42. 14851.
 -41.5 14721.
 -41. 16033.
 -40.5 16712.
 -40. 18951.
 -39.5 20841.
 -39. 21446.
 -38.5 25213.
 -38. 28312.
 -37.5 28494.
 -37. 31537.
 -36.5 32876.
 -36. 33904.
 -35.5 36442.
 -35. 39064.
 -34.5 39451.
 -34. 41735.
 -33.5 44686.
 -33. 46593.
 -32.5 48622.
 -32. 49306.
 -31.5 51385.
 -31. 55101.
 -30.5 55111.
 -30. 55980.
 -29.5 59572.
 -29. 60262.
 -28.5 59023.
 -28. 60402.
 -27.5 61951.
 -27. 63151.
 -26.5 63743.
 -26. 62875.
 -25.5 63787.
 -25. 62879.
 -24.5 63740.
 -24. 64749.
 -23.5 63432.
 -23. 63690.
 -22.5 63670.
 -22. 62050.
 -21.5 61025.
 -21. 59721.
 -20.5 59619.
 -20. 58646.
 -19.5 57477.
 -19. 57829.
 -18.5 55562.
 -18. 54817.
 -17.5 54018.
 -17. 54105.
 -16.5 53042.
 -16. 51892.
 -15.5 50509.
 -15. 49667.
 -14.5 48765.
 -14. 48357.
 -13.5 47541.
 -13. 46884.
 -12.5 45571.
 -12. 45037.
 -11.5 44850.
 -11. 43975.
 -10.5 43070.
 -10. 43082.
 -9.5 41947.
 -9. 41936.
 -8.5 40835.
 -8. 40231.
 -7.5 39536.
 -7. 39367.
 -6.5 38504.
 -6. 38466.
 -5.5 37968.
 -5. 38125.
 -4.5 38539.
 -4. 38024.
 -3.5 37340.
 -3. 36841.
 -2.5 36927.
 -2. 36962.
 -1.5 37185.
 -1. 37429.
 -0.5 36541.
 0. 72746.
 0.5 36672.
 1. 37786.
 1.5 36634.
 2. 36805.
 2.5 36828.
 3. 37064.
 3.5 37308.
 4. 37447.
 4.5 37752.
 5. 37811.
 5.5 38254.
 6. 38770.
 6.5 38716.
 7. 39490.
 7.5 40169.
 8. 40404.
 8.5 40855.
 9. 41634.
 9.5 42128.
 10. 42460.
 10.5 42948.
 11. 43952.
 11.5 43993.
 12. 45506.
 12.5 46165.
 13. 46707.
 13.5 47356.
 14. 47945.
 14.5 49186.
 15. 50657.
 15.5 50489.
 16. 51722.
 16.5 52229.
 17. 53209.
 17.5 54425.
 18. 55613.
 18.5 57244.
 19. 57868.
 19.5 58548.
 20. 58530.
 20.5 59555.
 21. 59963.
 21.5 60537.
 22. 62075.
 22.5 61973.
 23. 62486.
 23.5 61987.
 24. 63100.
 24.5 63980.
 25. 63597.
 25.5 63185.
 26. 63600.
 26.5 63468.
 27. 64022.
 27.5 62576.
 28. 60914.
 28.5 59967.
 29. 58760.
 29.5 58113.
 30. 55836.
 30.5 56504.
 31. 56556.
 31.5 54150.
 32. 51283.
 32.5 49229.
 33. 47466.
 33.5 44864.
 34. 43206.
 34.5 40934.
 35. 40405.
 35.5 36227.
 36. 34634.
 36.5 31906.
 37. 29820.
 37.5 31117.
 38. 28362.
 38.5 23866.
 39. 22899.
 39.5 20335.
 40. 19537.
 40.5 17635.
 41. 17690.
 41.5 14549.
 42. 12856.
 42.5 12547.
 43. 12309.
 43.5 9853.
 44. 8357.
 44.5 9250.
 45. 8076.
 45.5 6722.
 46. 5726.
 46.5 5158.
 47. 4362.
 47.5 3660.
 48. 4771.
 48.5 3417.
 49. 2939.
 49.5 2160.
 50. 2599.
 50.5 1670.
 51. 1890.
 51.5 1287.
 52. 1063.
 52.5 871.
 53. 2147.
 53.5 710.
 54. 607.
 54.5 1232.
 55. 908.
 55.5 1189.
 56. 282.
 56.5 252.
 57. 206.
 57.5 901.
 58. 140.
 58.5 835.
 59. 94.
 59.5 82.
 60. 78.
 60.5 60.
 61. 792.
 61.5 35.
 62. 31.
 62.5 18.
 63. 19.
 63.5 19.
 64. 19.
 64.5 15.
 65. 20.
 65.5 11.
 66. 6.
 66.5 2.
 67. 3.
 67.5 1.
 68. 2.
 68.5 0.
 69. 2.
 69.5 3.
 70. 0.
 70.5 2.
 71. 1.
 71.5 1.
 72. 1.
 72.5 0.
 73. 0.
 73.5 0.
 74. 0.
 74.5 0.
 75. 0.
