 -60. 0.
 -59.6 1.
 -59.2 1.
 -58.8 0.
 -58.4 0.
 -58. 0.
 -57.6 1.
 -57.2 3.
 -56.8 98.
 -56.4 1330.
 -56. 101.
 -55.6 71.
 -55.2 189.
 -54.8 713.
 -54.4 202.
 -54. 169.
 -53.6 294.
 -53.2 756.
 -52.8 238.
 -52.4 1483.
 -52. 322.
 -51.6 257.
 -51.2 251.
 -50.8 708.
 -50.4 842.
 -50. 2983.
 -49.6 508.
 -49.2 1641.
 -48.8 758.
 -48.4 941.
 -48. 2208.
 -47.6 1791.
 -47.2 1443.
 -46.8 852.
 -46.4 1101.
 -46. 3627.
 -45.6 6161.
 -45.2 2803.
 -44.8 6672.
 -44.4 5898.
 -44. 6067.
 -43.6 9538.
 -43.2 4103.
 -42.8 9999.
 -42.4 5159.
 -42. 14028.
 -41.6 8009.
 -41.2 12201.
 -40.8 11629.
 -40.4 9812.
 -40. 13303.
 -39.6 8301.
 -39.2 13275.
 -38.8 14738.
 -38.4 18425.
 -38. 24805.
 -37.6 20279.
 -37.2 24207.
 -36.8 26847.
 -36.4 24804.
 -36. 17957.
 -35.6 23039.
 -35.2 23900.
 -34.8 24567.
 -34.4 31314.
 -34. 29461.
 -33.6 25381.
 -33.2 30946.
 -32.8 31954.
 -32.4 29815.
 -32. 31800.
 -31.6 37225.
 -31.2 35730.
 -30.8 43879.
 -30.4 36163.
 -30. 44930.
 -29.6 40316.
 -29.2 45129.
 -28.8 47709.
 -28.4 46328.
 -28. 53294.
 -27.6 57450.
 -27.2 59964.
 -26.8 71522.
 -26.4 65572.
 -26. 60395.
 -25.6 59492.
 -25.2 63540.
 -24.8 62239.
 -24.4 65264.
 -24. 65271.
 -23.6 65831.
 -23.2 68785.
 -22.8 73091.
 -22.4 76283.
 -22. 70736.
 -21.6 71310.
 -21.2 70991.
 -20.8 71644.
 -20.4 70385.
 -20. 68905.
 -19.6 75054.
 -19.2 67702.
 -18.8 66265.
 -18.4 71409.
 -18. 65130.
 -17.6 65451.
 -17.2 65235.
 -16.8 62504.
 -16.4 67825.
 -16. 64842.
 -15.6 60858.
 -15.2 62456.
 -14.8 60648.
 -14.4 60676.
 -14. 58054.
 -13.6 56605.
 -13.2 55277.
 -12.8 57247.
 -12.4 52684.
 -12. 52024.
 -11.6 54636.
 -11.2 50988.
 -10.8 51786.
 -10.4 49958.
 -10. 46956.
 -9.6 47717.
 -9.2 48147.
 -8.8 45940.
 -8.4 45831.
 -8. 44000.
 -7.6 43541.
 -7.2 46047.
 -6.8 42870.
 -6.4 46638.
 -6. 44680.
 -5.6 42857.
 -5.2 41264.
 -4.8 41074.
 -4.4 42376.
 -4. 41741.
 -3.6 39742.
 -3.2 38379.
 -2.8 38318.
 -2.4 37886.
 -2. 39854.
 -1.6 37581.
 -1.2 42055.
 -0.8 38625.
 -0.4 38387.
 0. 74788.
 0.4 38340.
 0.8 37823.
 1.2 38284.
 1.6 38789.
 2. 37815.
 2.4 38182.
 2.8 39193.
 3.2 38627.
 3.6 43731.
 4. 41341.
 4.4 42375.
 4.8 42340.
 5.2 41466.
 5.6 43945.
 6. 44659.
 6.4 44972.
 6.8 43687.
 7.2 44595.
 7.6 46763.
 8. 45793.
 8.4 44361.
 8.8 50568.
 9.2 46924.
 9.6 48467.
 10. 47859.
 10.4 49474.
 10.8 51189.
 11.2 55353.
 11.6 52507.
 12. 54372.
 12.4 55428.
 12.8 53615.
 13.2 55139.
 13.6 60249.
 14. 57635.
 14.4 60637.
 14.8 62485.
 15.2 61142.
 15.6 60943.
 16. 63520.
 16.4 64945.
 16.8 62327.
 17.2 66227.
 17.6 67713.
 18. 71057.
 18.4 69481.
 18.8 68700.
 19.2 69051.
 19.6 75476.
 20. 70124.
 20.4 70367.
 20.8 74113.
 21.2 73742.
 21.6 72082.
 22. 73411.
 22.4 69138.
 22.8 71172.
 23.2 65030.
 23.6 70446.
 24. 71113.
 24.4 67019.
 24.8 61950.
 25.2 64498.
 25.6 59819.
 26. 61260.
 26.4 61064.
 26.8 62171.
 27.2 55446.
 27.6 62910.
 28. 55044.
 28.4 48553.
 28.8 49452.
 29.2 53514.
 29.6 47369.
 30. 54568.
 30.4 38479.
 30.8 40277.
 31.2 45521.
 31.6 49374.
 32. 33354.
 32.4 39274.
 32.8 34950.
 33.2 31906.
 33.6 33404.
 34. 26870.
 34.4 28945.
 34.8 28312.
 35.2 30478.
 35.6 31064.
 36. 18618.
 36.4 18516.
 36.8 19129.
 37.2 13325.
 37.6 24375.
 38. 15966.
 38.4 14587.
 38.8 16260.
 39.2 19507.
 39.6 16917.
 40. 11042.
 40.4 7038.
 40.8 5334.
 41.2 7334.
 41.6 10940.
 42. 12537.
 42.4 16319.
 42.8 9174.
 43.2 6031.
 43.6 3088.
 44. 3535.
 44.4 2409.
 44.8 6981.
 45.2 2653.
 45.6 2440.
 46. 3591.
 46.4 3597.
 46.8 11712.
 47.2 1789.
 47.6 3291.
 48. 1978.
 48.4 652.
 48.8 608.
 49.2 962.
 49.6 4712.
 50. 1351.
 50.4 3250.
 50.8 668.
 51.2 695.
 51.6 2459.
 52. 668.
 52.4 732.
 52.8 1388.
 53.2 1375.
 53.6 1205.
 54. 1673.
 54.4 652.
 54.8 276.
 55.2 274.
 55.6 178.
 56. 0.
 56.4 0.
 56.8 0.
 57.2 0.
 57.6 0.
 58. 0.
 58.4 0.
 58.8 0.
 59.2 0.
 59.6 0.
 60. 0.
