 -270.00001072883606 0.
 -252.00001001358032 0.
 -234.00000929832458 17.
 -216.00000858306885 15.
 -198.0000078678131 33.
 -180.00000715255737 41.
 -162.00000643730164 82.
 -144.0000057220459 59.
 -126.00000500679016 58.
 -108.00000429153442 81.
 -90.00000357627869 72.
 -72.00000286102295 41.
 -54.00000214576721 49.
 -36.000001430511475 163.
 -18.000000715255737 178.
 0. 297.
 18.000000715255737 96.
 36.000001430511475 128.
 54.00000214576721 160.
 72.00000286102295 108.
 90.00000357627869 70.
 108.00000429153442 51.
 126.00000500679016 63.
 144.0000057220459 66.
 162.00000643730164 68.
 180.00000715255737 113.
 198.0000078678131 27.
 216.00000858306885 27.
 234.00000929832458 26.
 252.00001001358032 9.
 270.00001072883606 9.
