 -270.00001072883606 15.
 -252.00001001358032 19.
 -234.00000929832458 15.
 -216.00000858306885 15.
 -198.0000078678131 23.
 -180.00000715255737 24.
 -162.00000643730164 24.
 -144.0000057220459 30.
 -126.00000500679016 27.
 -108.00000429153442 184.
 -90.00000357627869 171.
 -72.00000286102295 130.
 -54.00000214576721 124.
 -36.000001430511475 132.
 -18.000000715255737 105.
 0. 122.
 18.000000715255737 64.
 36.000001430511475 74.
 54.00000214576721 95.
 72.00000286102295 119.
 90.00000357627869 40.
 108.00000429153442 38.
 126.00000500679016 41.
 144.0000057220459 43.
 162.00000643730164 38.
 180.00000715255737 39.
 198.0000078678131 42.
 216.00000858306885 36.
 234.00000929832458 38.
 252.00001001358032 42.
 270.00001072883606 39.
