 -750.0000298023224 3.
 -700.0000278155009 0.
 -650.0000258286794 2.
 -600.0000238418579 3.
 -550.0000218550364 2.
 -500.0000198682149 2.
 -450.00001788139343 13.
 -400.00001589457196 7.
 -350.00001390775043 14.
 -300.00001192092896 14.
 -250.00000993410745 18.
 -200.00000794728598 27.
 -150.00000596046448 24.
 -100.00000397364299 39.
 -50.000001986821495 28.
 0. 69.
 50.000001986821495 44.
 100.00000397364299 59.
 150.00000596046448 57.
 200.00000794728598 51.
 250.00000993410745 37.
 300.00001192092896 47.
 350.00001390775043 45.
 400.00001589457196 36.
 450.00001788139343 45.
 500.0000198682149 32.
 550.0000218550364 30.
 600.0000238418579 14.
 650.0000258286794 11.
 700.0000278155009 8.
 750.0000298023224 8.
