 -30. 14366.
 -29.8 1.
 -29.6 2.
 -29.4 2.
 -29.2 1.
 -29. 3.
 -28.8 2.
 -28.6 1.
 -28.4 3.
 -28.2 3.
 -28. 2.
 -27.8 5000.
 -27.6 6.
 -27.4 672.
 -27.2 641.
 -27. 16034.
 -26.8 445.
 -26.6 379.
 -26.4 15946.
 -26.2 350.
 -26. 324.
 -25.8 14610.
 -25.6 1112.
 -25.4 5676.
 -25.2 16620.
 -25. 423.
 -24.8 1258.
 -24.6 1164.
 -24.4 14615.
 -24.2 5847.
 -24. 28769.
 -23.8 30880.
 -23.6 1315.
 -23.4 15754.
 -23.2 918.
 -23. 16409.
 -22.8 970.
 -22.6 53231.
 -22.4 7038.
 -22.2 25331.
 -22. 9574.
 -21.8 2951.
 -21.6 78591.
 -21.4 33593.
 -21.2 33970.
 -21. 31010.
 -20.8 24566.
 -20.6 39226.
 -20.4 8072.
 -20.2 42896.
 -20. 49811.
 -19.8 25300.
 -19.6 57621.
 -19.4 29682.
 -19.2 55056.
 -19. 43762.
 -18.8 67277.
 -18.6 102988.
 -18.4 58809.
 -18.2 75122.
 -18. 77183.
 -17.8 125842.
 -17.6 58333.
 -17.4 104747.
 -17.2 65805.
 -17. 126193.
 -16.8 90731.
 -16.6 67808.
 -16.4 79428.
 -16.2 64821.
 -16. 130761.
 -15.8 151934.
 -15.6 195975.
 -15.4 122893.
 -15.2 99915.
 -15. 100632.
 -14.8 86314.
 -14.6 165767.
 -14.4 67158.
 -14.2 90897.
 -14. 165973.
 -13.8 103091.
 -13.6 125004.
 -13.4 182248.
 -13.2 138022.
 -13. 145902.
 -12.8 172211.
 -12.6 144839.
 -12.4 110824.
 -12.2 211615.
 -12. 141072.
 -11.8 191511.
 -11.6 99141.
 -11.4 147311.
 -11.2 108880.
 -11. 179527.
 -10.8 139325.
 -10.6 178068.
 -10.4 110541.
 -10.2 218231.
 -10. 155838.
 -9.8 101718.
 -9.6 139496.
 -9.4 136336.
 -9.2 111246.
 -9. 165511.
 -8.8 86517.
 -8.6 125939.
 -8.4 80610.
 -8.2 92920.
 -8. 103129.
 -7.8 94420.
 -7.6 147769.
 -7.4 100443.
 -7.2 90802.
 -7. 88950.
 -6.8 90424.
 -6.6 115875.
 -6.4 89080.
 -6.2 70497.
 -6. 79959.
 -5.8 101853.
 -5.6 64580.
 -5.4 68693.
 -5.2 86086.
 -5. 84668.
 -4.8 70364.
 -4.6 59739.
 -4.4 53844.
 -4.2 77163.
 -4. 80048.
 -3.8 55187.
 -3.6 49490.
 -3.4 44402.
 -3.2 44488.
 -3. 47156.
 -2.8 42177.
 -2.6 64324.
 -2.4 70650.
 -2.2 43796.
 -2. 60062.
 -1.8 55795.
 -1.6 80034.
 -1.4 43959.
 -1.2 47941.
 -1. 42199.
 -0.8 41977.
 -0.6 66119.
 -0.4 41366.
 -0.2 67963.
 0. 100422.
 0.2 69720.
 0.4 51790.
 0.6 56323.
 0.8 44389.
 1. 44291.
 1.2 49082.
 1.4 50337.
 1.6 60655.
 1.8 73993.
 2. 43290.
 2.2 76251.
 2.4 57889.
 2.6 61990.
 2.8 53786.
 3. 49196.
 3.2 54597.
 3.4 50108.
 3.6 83771.
 3.8 86885.
 4. 76716.
 4.2 74297.
 4.4 82564.
 4.6 93623.
 4.8 89293.
 5. 87365.
 5.2 54374.
 5.4 87641.
 5.6 63042.
 5.8 92506.
 6. 81163.
 6.2 93354.
 6.4 87360.
 6.6 108601.
 6.8 80950.
 7. 76394.
 7.2 83219.
 7.4 148448.
 7.6 121058.
 7.8 89386.
 8. 76615.
 8.2 95810.
 8.4 93877.
 8.6 107235.
 8.8 101426.
 9. 118909.
 9.2 127180.
 9.4 125959.
 9.6 124575.
 9.8 98789.
 10. 110512.
 10.2 94473.
 10.4 141976.
 10.6 109762.
 10.8 161102.
 11. 107827.
 11.2 155683.
 11.4 139070.
 11.6 152054.
 11.8 153300.
 12. 92084.
 12.2 103492.
 12.4 153545.
 12.6 148415.
 12.8 115398.
 13. 126535.
 13.2 150827.
 13.4 179972.
 13.6 94129.
 13.8 60150.
 14. 63338.
 14.2 130052.
 14.4 85579.
 14.6 150672.
 14.8 120102.
 15. 139560.
 15.2 159991.
 15.4 126423.
 15.6 88464.
 15.8 54533.
 16. 81691.
 16.2 111592.
 16.4 100751.
 16.6 53925.
 16.8 64066.
 17. 101516.
 17.2 89913.
 17.4 40264.
 17.6 50183.
 17.8 48118.
 18. 83797.
 18.2 29144.
 18.4 57353.
 18.6 79388.
 18.8 104804.
 19. 50397.
 19.2 61476.
 19.4 70761.
 19.6 47842.
 19.8 70114.
 20. 19714.
 20.2 24924.
 20.4 53344.
 20.6 23141.
 20.8 37698.
 21. 35752.
 21.2 12215.
 21.4 38326.
 21.6 2572.
 21.8 17213.
 22. 23078.
 22.2 33024.
 22.4 2907.
 22.6 58928.
 22.8 15889.
 23. 11111.
 23.2 25616.
 23.4 8093.
 23.6 1694.
 23.8 1583.
 24. 33349.
 24.2 14494.
 24.4 15235.
 24.6 18325.
 24.8 14500.
 25. 14463.
 25.2 5025.
 25.4 63.
 25.6 15568.
 25.8 7.
 26. 6.
 26.2 7.
 26.4 6.
 26.6 11.
 26.8 12.
 27. 32.
 27.2 14359.
 27.4 2.
 27.6 0.
 27.8 0.
 28. 5000.
 28.2 0.
 28.4 0.
 28.6 0.
 28.8 0.
 29. 0.
 29.2 0.
 29.4 0.
 29.6 0.
 29.8 0.
 30. 0.
