 -120.00000476837158 5.
 -112.00000445048015 1.
 -104.0000041325887 3.
 -96.00000381469727 3.
 -88.00000349680583 3.
 -80.00000317891438 86.
 -72.00000286102295 75.
 -64.00000254313152 93.
 -56.000002225240074 154.
 -48.00000190734863 107.
 -40.00000158945719 91.
 -32.00000127156576 94.
 -24.000000953674316 766.
 -16.00000063578288 1010.
 -8.00000031789144 622.
 0. 198.
 8.00000031789144 93.
 16.00000063578288 102.
 24.000000953674316 132.
 32.00000127156576 275.
 40.00000158945719 166.
 48.00000190734863 186.
 56.000002225240074 216.
 64.00000254313152 78.
 72.00000286102295 86.
 80.00000317891438 105.
 88.00000349680583 229.
 96.00000381469727 1.
 104.0000041325887 0.
 112.00000445048015 0.
 120.00000476837158 0.
