 -120.00000476837158 0.
 -112.00000445048015 0.
 -104.0000041325887 0.
 -96.00000381469727 0.
 -88.00000349680583 3.
 -80.00000317891438 1.
 -72.00000286102295 1.
 -64.00000254313152 6.
 -56.000002225240074 7.
 -48.00000190734863 817.
 -40.00000158945719 544.
 -32.00000127156576 436.
 -24.000000953674316 394.
 -16.00000063578288 392.
 -8.00000031789144 388.
 0. 883.
 8.00000031789144 755.
 16.00000063578288 368.
 24.000000953674316 4.
 32.00000127156576 0.
 40.00000158945719 0.
 48.00000190734863 0.
 56.000002225240074 0.
 64.00000254313152 0.
 72.00000286102295 0.
 80.00000317891438 0.
 88.00000349680583 0.
 96.00000381469727 0.
 104.0000041325887 0.
 112.00000445048015 0.
 120.00000476837158 0.
