 -60. 0.
 -59.6 0.
 -59.2 0.
 -58.8 0.
 -58.4 0.
 -58. 0.
 -57.6 0.
 -57.2 3.
 -56.8 1.
 -56.4 8.
 -56. 9.
 -55.6 12.
 -55.2 26.
 -54.8 2578.
 -54.4 15.
 -54. 11.
 -53.6 9.
 -53.2 5.
 -52.8 7.
 -52.4 11.
 -52. 435.
 -51.6 2454.
 -51.2 2638.
 -50.8 259.
 -50.4 477.
 -50. 677.
 -49.6 5790.
 -49.2 1248.
 -48.8 791.
 -48.4 4726.
 -48. 5785.
 -47.6 2765.
 -47.2 3710.
 -46.8 3290.
 -46.4 8464.
 -46. 10374.
 -45.6 2365.
 -45.2 1405.
 -44.8 7095.
 -44.4 7319.
 -44. 7605.
 -43.6 9830.
 -43.2 4816.
 -42.8 11110.
 -42.4 10803.
 -42. 8807.
 -41.6 6762.
 -41.2 7292.
 -40.8 9434.
 -40.4 6138.
 -40. 19289.
 -39.6 16603.
 -39.2 15068.
 -38.8 25109.
 -38.4 12990.
 -38. 22043.
 -37.6 19896.
 -37.2 32634.
 -36.8 18047.
 -36.4 23076.
 -36. 25070.
 -35.6 29961.
 -35.2 26325.
 -34.8 25758.
 -34.4 33070.
 -34. 43147.
 -33.6 33751.
 -33.2 28505.
 -32.8 32365.
 -32.4 27774.
 -32. 40603.
 -31.6 44109.
 -31.2 46117.
 -30.8 39082.
 -30.4 41463.
 -30. 48493.
 -29.6 42499.
 -29.2 44410.
 -28.8 42629.
 -28.4 43439.
 -28. 59663.
 -27.6 55096.
 -27.2 54098.
 -26.8 55885.
 -26.4 61363.
 -26. 52984.
 -25.6 59699.
 -25.2 65025.
 -24.8 68622.
 -24.4 58927.
 -24. 68610.
 -23.6 59793.
 -23.2 63558.
 -22.8 67537.
 -22.4 66837.
 -22. 65854.
 -21.6 66517.
 -21.2 69445.
 -20.8 72525.
 -20.4 70567.
 -20. 77958.
 -19.6 65720.
 -19.2 70496.
 -18.8 65458.
 -18.4 67765.
 -18. 65167.
 -17.6 68177.
 -17.2 62863.
 -16.8 65282.
 -16.4 66067.
 -16. 62353.
 -15.6 66863.
 -15.2 61168.
 -14.8 61674.
 -14.4 63263.
 -14. 58917.
 -13.6 55539.
 -13.2 53549.
 -12.8 54862.
 -12.4 53911.
 -12. 55169.
 -11.6 56682.
 -11.2 49904.
 -10.8 51997.
 -10.4 52221.
 -10. 54587.
 -9.6 46667.
 -9.2 50897.
 -8.8 45876.
 -8.4 45198.
 -8. 43819.
 -7.6 43054.
 -7.2 47151.
 -6.8 44074.
 -6.4 42579.
 -6. 41739.
 -5.6 43715.
 -5.2 40941.
 -4.8 41696.
 -4.4 39752.
 -4. 40357.
 -3.6 41677.
 -3.2 38848.
 -2.8 39270.
 -2.4 38833.
 -2. 37764.
 -1.6 37632.
 -1.2 38295.
 -0.8 37691.
 -0.4 37124.
 0. 77557.
 0.4 38634.
 0.8 37690.
 1.2 37293.
 1.6 37430.
 2. 41052.
 2.4 37685.
 2.8 37753.
 3.2 38290.
 3.6 42784.
 4. 42009.
 4.4 41520.
 4.8 39830.
 5.2 40163.
 5.6 40099.
 6. 42868.
 6.4 42291.
 6.8 45292.
 7.2 43261.
 7.6 44672.
 8. 45216.
 8.4 46149.
 8.8 50389.
 9.2 47367.
 9.6 46914.
 10. 48404.
 10.4 51678.
 10.8 49154.
 11.2 56354.
 11.6 52970.
 12. 54307.
 12.4 61975.
 12.8 57422.
 13.2 57398.
 13.6 55895.
 14. 57719.
 14.4 64135.
 14.8 62670.
 15.2 65422.
 15.6 61681.
 16. 64599.
 16.4 63724.
 16.8 63216.
 17.2 68256.
 17.6 71935.
 18. 64875.
 18.4 68092.
 18.8 64961.
 19.2 71246.
 19.6 67881.
 20. 64874.
 20.4 76082.
 20.8 65715.
 21.2 64602.
 21.6 68412.
 22. 68119.
 22.4 64706.
 22.8 66996.
 23.2 68524.
 23.6 65908.
 24. 69093.
 24.4 66121.
 24.8 66428.
 25.2 61541.
 25.6 63877.
 26. 59017.
 26.4 57660.
 26.8 65577.
 27.2 51332.
 27.6 61288.
 28. 49118.
 28.4 46921.
 28.8 48286.
 29.2 58075.
 29.6 52410.
 30. 40638.
 30.4 47407.
 30.8 43701.
 31.2 44954.
 31.6 37846.
 32. 34182.
 32.4 42415.
 32.8 31040.
 33.2 22638.
 33.6 29944.
 34. 21963.
 34.4 27873.
 34.8 22004.
 35.2 27194.
 35.6 25488.
 36. 14659.
 36.4 24147.
 36.8 22837.
 37.2 18817.
 37.6 15422.
 38. 22316.
 38.4 17280.
 38.8 19581.
 39.2 13107.
 39.6 12296.
 40. 17307.
 40.4 24080.
 40.8 11816.
 41.2 12180.
 41.6 5471.
 42. 12953.
 42.4 9156.
 42.8 9766.
 43.2 9973.
 43.6 8249.
 44. 14203.
 44.4 10920.
 44.8 11176.
 45.2 6196.
 45.6 2285.
 46. 6628.
 46.4 1059.
 46.8 4290.
 47.2 860.
 47.6 1468.
 48. 5267.
 48.4 4267.
 48.8 2996.
 49.2 495.
 49.6 525.
 50. 1376.
 50.4 4835.
 50.8 575.
 51.2 574.
 51.6 596.
 52. 661.
 52.4 230.
 52.8 270.
 53.2 450.
 53.6 663.
 54. 14.
 54.4 5.
 54.8 2.
 55.2 1.
 55.6 1.
 56. 1.
 56.4 0.
 56.8 0.
 57.2 0.
 57.6 0.
 58. 0.
 58.4 2.
 58.8 0.
 59.2 0.
 59.6 0.
 60. 0.
