 -45. 2.
 -44.7 156.
 -44.4 215.
 -44.1 367.
 -43.8 849.
 -43.5 287.
 -43.2 79.
 -42.9 74.
 -42.6 91.
 -42.3 86.
 -42. 58.
 -41.7 68.
 -41.4 2095.
 -41.1 73.
 -40.8 35.
 -40.5 280.
 -40.2 187.
 -39.9 166.
 -39.6 146.
 -39.3 2034.
 -39. 144.
 -38.7 124.
 -38.4 114.
 -38.1 132.
 -37.8 7443.
 -37.5 322.
 -37.2 288.
 -36.9 351.
 -36.6 969.
 -36.3 3696.
 -36. 854.
 -35.7 4547.
 -35.4 1565.
 -35.1 818.
 -34.8 8016.
 -34.5 1580.
 -34.2 4386.
 -33.9 10627.
 -33.6 24295.
 -33.3 14591.
 -33. 7270.
 -32.7 12254.
 -32.4 14657.
 -32.1 21119.
 -31.8 13588.
 -31.5 9602.
 -31.2 15661.
 -30.9 22745.
 -30.6 17705.
 -30.3 15902.
 -30. 30620.
 -29.7 39395.
 -29.4 30299.
 -29.1 29411.
 -28.8 53453.
 -28.5 36006.
 -28.2 46286.
 -27.9 42750.
 -27.6 40333.
 -27.3 28713.
 -27. 48243.
 -26.7 42363.
 -26.4 46950.
 -26.1 62430.
 -25.8 70390.
 -25.5 49383.
 -25.2 81429.
 -24.9 62869.
 -24.6 55607.
 -24.3 52808.
 -24. 73800.
 -23.7 76985.
 -23.4 87086.
 -23.1 70683.
 -22.8 86801.
 -22.5 103901.
 -22.2 84643.
 -21.9 82097.
 -21.6 75077.
 -21.3 79334.
 -21. 90301.
 -20.7 93631.
 -20.4 91327.
 -20.1 128555.
 -19.8 70527.
 -19.5 81541.
 -19.2 77466.
 -18.9 109193.
 -18.6 92904.
 -18.3 96870.
 -18. 80721.
 -17.7 89655.
 -17.4 94567.
 -17.1 90646.
 -16.8 83788.
 -16.5 89894.
 -16.2 81561.
 -15.9 82495.
 -15.6 78511.
 -15.3 75903.
 -15. 86026.
 -14.7 67695.
 -14.4 97737.
 -14.1 77710.
 -13.8 87152.
 -13.5 107112.
 -13.2 87526.
 -12.9 77098.
 -12.6 80836.
 -12.3 87153.
 -12. 88127.
 -11.7 64730.
 -11.4 65443.
 -11.1 69423.
 -10.8 62031.
 -10.5 63718.
 -10.2 63707.
 -9.9 58820.
 -9.6 79980.
 -9.3 58911.
 -9. 54958.
 -8.7 51089.
 -8.4 50175.
 -8.1 52364.
 -7.8 53287.
 -7.5 53373.
 -7.2 50613.
 -6.9 51976.
 -6.6 56370.
 -6.3 51969.
 -6. 44051.
 -5.7 48010.
 -5.4 46684.
 -5.1 52494.
 -4.8 47637.
 -4.5 41225.
 -4.2 59143.
 -3.9 40919.
 -3.6 44469.
 -3.3 44709.
 -3. 38069.
 -2.7 39569.
 -2.4 50130.
 -2.1 40122.
 -1.8 39015.
 -1.5 36653.
 -1.2 39132.
 -0.9 35749.
 -0.6 36018.
 -0.3 37177.
 0. 73085.
 0.3 41459.
 0.6 35746.
 0.9 40678.
 1.2 45698.
 1.5 43564.
 1.8 42416.
 2.1 38006.
 2.4 44307.
 2.7 40894.
 3. 40778.
 3.3 45410.
 3.6 39078.
 3.9 41329.
 4.2 47543.
 4.5 39840.
 4.8 46017.
 5.1 44051.
 5.4 42146.
 5.7 48097.
 6. 43265.
 6.3 52743.
 6.6 50290.
 6.9 50881.
 7.2 60838.
 7.5 60890.
 7.8 52918.
 8.1 49911.
 8.4 61616.
 8.7 56585.
 9. 59886.
 9.3 60990.
 9.6 61311.
 9.9 71144.
 10.2 55935.
 10.5 59074.
 10.8 74090.
 11.1 58778.
 11.4 79576.
 11.7 55888.
 12. 83392.
 12.3 69431.
 12.6 74962.
 12.9 78115.
 13.2 82259.
 13.5 79931.
 13.8 72077.
 14.1 67662.
 14.4 73232.
 14.7 74851.
 15. 87194.
 15.3 73938.
 15.6 72495.
 15.9 76767.
 16.2 76108.
 16.5 86298.
 16.8 89565.
 17.1 98068.
 17.4 80264.
 17.7 80071.
 18. 93099.
 18.3 90989.
 18.6 77226.
 18.9 93887.
 19.2 88648.
 19.5 99628.
 19.8 90875.
 20.1 91037.
 20.4 93860.
 20.7 92479.
 21. 96076.
 21.3 72877.
 21.6 81327.
 21.9 56981.
 22.2 93523.
 22.5 67991.
 22.8 75958.
 23.1 73995.
 23.4 74156.
 23.7 54396.
 24. 90245.
 24.3 65580.
 24.6 79605.
 24.9 51610.
 25.2 73619.
 25.5 82823.
 25.8 49174.
 26.1 64396.
 26.4 58105.
 26.7 49600.
 27. 50476.
 27.3 40377.
 27.6 39706.
 27.9 53194.
 28.2 19440.
 28.5 28697.
 28.8 30533.
 29.1 45073.
 29.4 45492.
 29.7 22502.
 30. 29922.
 30.3 21548.
 30.6 21234.
 30.9 25554.
 31.2 16722.
 31.5 20836.
 31.8 25173.
 32.1 10741.
 32.4 12538.
 32.7 16101.
 33. 14921.
 33.3 3575.
 33.6 17005.
 33.9 4860.
 34.2 9495.
 34.5 8721.
 34.8 2220.
 35.1 1379.
 35.4 1856.
 35.7 3182.
 36. 3153.
 36.3 2947.
 36.6 773.
 36.9 2984.
 37.2 4424.
 37.5 783.
 37.8 1756.
 38.1 377.
 38.4 423.
 38.7 1147.
 39. 7206.
 39.3 118.
 39.6 119.
 39.9 132.
 40.2 167.
 40.5 156.
 40.8 11.
 41.1 7.
 41.4 10.
 41.7 8.
 42. 14.
 42.3 9.
 42.6 0.
 42.9 3.
 43.2 0.
 43.5 0.
 43.8 0.
 44.1 0.
 44.4 0.
 44.7 0.
 45. 1.
