 -30.000001192092896 673.
 -28.000001112620037 670.
 -26.000001033147175 678.
 -24.000000953674316 709.
 -22.000000874201458 709.
 -20.000000794728596 649.
 -18.000000715255737 592.
 -16.00000063578288 620.
 -14.000000556310018 610.
 -12.000000476837158 581.
 -10.000000397364298 525.
 -8.00000031789144 468.
 -6.000000238418579 451.
 -4.00000015894572 431.
 -2.00000007947286 426.
 0. 672.
 2.00000007947286 286.
 4.00000015894572 235.
 6.000000238418579 209.
 8.00000031789144 196.
 10.000000397364298 152.
 12.000000476837158 123.
 14.000000556310018 99.
 16.00000063578288 100.
 18.000000715255737 86.
 20.000000794728596 75.
 22.000000874201458 51.
 24.000000953674316 46.
 26.000001033147175 44.
 28.000001112620037 27.
 30.000001192092896 20.
