 -30.000001192092896 45.
 -28.000001112620037 47.
 -26.000001033147175 41.
 -24.000000953674316 54.
 -22.000000874201458 50.
 -20.000000794728596 57.
 -18.000000715255737 44.
 -16.00000063578288 57.
 -14.000000556310018 52.
 -12.000000476837158 55.
 -10.000000397364298 58.
 -8.00000031789144 63.
 -6.000000238418579 48.
 -4.00000015894572 64.
 -2.00000007947286 54.
 0. 120.
 2.00000007947286 53.
 4.00000015894572 52.
 6.000000238418579 64.
 8.00000031789144 65.
 10.000000397364298 57.
 12.000000476837158 66.
 14.000000556310018 65.
 16.00000063578288 66.
 18.000000715255737 73.
 20.000000794728596 77.
 22.000000874201458 65.
 24.000000953674316 72.
 26.000001033147175 55.
 28.000001112620037 69.
 30.000001192092896 73.
