 -30. 0.
 -29.8 3.
 -29.6 0.
 -29.4 1.
 -29.2 1.
 -29. 3.
 -28.8 0.
 -28.6 0.
 -28.4 2.
 -28.2 0.
 -28. 0.
 -27.8 3668.
 -27.6 5005.
 -27.4 18.
 -27.2 9438.
 -27. 5.
 -26.8 9448.
 -26.6 26.
 -26.4 4993.
 -26.2 1552.
 -26. 18261.
 -25.8 5255.
 -25.6 8360.
 -25.4 19452.
 -25.2 38.
 -25. 25.
 -24.8 32.
 -24.6 43.
 -24.4 42.
 -24.2 88.
 -24. 18313.
 -23.8 1653.
 -23.6 6701.
 -23.4 23334.
 -23.2 6560.
 -23. 408.
 -22.8 30192.
 -22.6 36942.
 -22.4 25054.
 -22.2 33786.
 -22. 11164.
 -21.8 10798.
 -21.6 6623.
 -21.4 2330.
 -21.2 42059.
 -21. 20603.
 -20.8 25006.
 -20.6 31571.
 -20.4 27007.
 -20.2 47116.
 -20. 31019.
 -19.8 55502.
 -19.6 75993.
 -19.4 116163.
 -19.2 52766.
 -19. 98767.
 -18.8 72828.
 -18.6 70345.
 -18.4 64106.
 -18.2 42655.
 -18. 83271.
 -17.8 79234.
 -17.6 60554.
 -17.4 54514.
 -17.2 65794.
 -17. 113524.
 -16.8 101786.
 -16.6 76733.
 -16.4 83936.
 -16.2 101071.
 -16. 117032.
 -15.8 83504.
 -15.6 116295.
 -15.4 101840.
 -15.2 121049.
 -15. 150618.
 -14.8 97478.
 -14.6 110377.
 -14.4 99443.
 -14.2 104934.
 -14. 193226.
 -13.8 144952.
 -13.6 122246.
 -13.4 93664.
 -13.2 117614.
 -13. 95371.
 -12.8 141181.
 -12.6 168819.
 -12.4 110572.
 -12.2 147372.
 -12. 137318.
 -11.8 106991.
 -11.6 153776.
 -11.4 139059.
 -11.2 205456.
 -11. 171219.
 -10.8 164552.
 -10.6 99396.
 -10.4 108796.
 -10.2 174315.
 -10. 160865.
 -9.8 69495.
 -9.6 150864.
 -9.4 107380.
 -9.2 88083.
 -9. 167133.
 -8.8 121461.
 -8.6 125773.
 -8.4 100854.
 -8.2 81818.
 -8. 88104.
 -7.8 104667.
 -7.6 55744.
 -7.4 90701.
 -7.2 85681.
 -7. 65888.
 -6.8 108743.
 -6.6 74528.
 -6.4 99147.
 -6.2 95006.
 -6. 66899.
 -5.8 114085.
 -5.6 69812.
 -5.4 43048.
 -5.2 62265.
 -5. 80587.
 -4.8 81317.
 -4.6 79816.
 -4.4 50403.
 -4.2 82160.
 -4. 68100.
 -3.8 57038.
 -3.6 42665.
 -3.4 89391.
 -3.2 49252.
 -3. 126259.
 -2.8 44625.
 -2.6 95597.
 -2.4 58378.
 -2.2 65572.
 -2. 107887.
 -1.8 36520.
 -1.6 63161.
 -1.4 42726.
 -1.2 44791.
 -1. 41650.
 -0.8 46425.
 -0.6 66035.
 -0.4 45230.
 -0.2 52970.
 0. 110781.
 0.2 50892.
 0.4 36805.
 0.6 37295.
 0.8 38310.
 1. 41481.
 1.2 64884.
 1.4 41684.
 1.6 37481.
 1.8 73977.
 2. 37111.
 2.2 56093.
 2.4 65197.
 2.6 51733.
 2.8 47393.
 3. 67451.
 3.2 54469.
 3.4 50363.
 3.6 74129.
 3.8 42842.
 4. 62512.
 4.2 93899.
 4.4 68025.
 4.6 62299.
 4.8 104489.
 5. 66044.
 5.2 95781.
 5.4 101460.
 5.6 62061.
 5.8 66570.
 6. 66052.
 6.2 113139.
 6.4 85531.
 6.6 90983.
 6.8 100075.
 7. 93181.
 7.2 136296.
 7.4 119828.
 7.6 106034.
 7.8 88795.
 8. 116503.
 8.2 125221.
 8.4 182452.
 8.6 121746.
 8.8 99789.
 9. 130741.
 9.2 95985.
 9.4 124604.
 9.6 177682.
 9.8 104961.
 10. 96551.
 10.2 143743.
 10.4 116861.
 10.6 144094.
 10.8 157838.
 11. 132075.
 11.2 106971.
 11.4 101188.
 11.6 137933.
 11.8 257479.
 12. 137038.
 12.2 145179.
 12.4 166438.
 12.6 80780.
 12.8 102173.
 13. 149604.
 13.2 185270.
 13.4 99666.
 13.6 187055.
 13.8 139539.
 14. 122244.
 14.2 131951.
 14.4 168398.
 14.6 137735.
 14.8 70101.
 15. 95734.
 15.2 104676.
 15.4 102930.
 15.6 86327.
 15.8 81232.
 16. 97670.
 16.2 97739.
 16.4 48395.
 16.6 108003.
 16.8 128947.
 17. 50426.
 17.2 78513.
 17.4 90942.
 17.6 78596.
 17.8 53888.
 18. 98898.
 18.2 123960.
 18.4 58247.
 18.6 54496.
 18.8 108352.
 19. 38932.
 19.2 53974.
 19.4 24028.
 19.6 46881.
 19.8 67501.
 20. 19864.
 20.2 6721.
 20.4 76715.
 20.6 31704.
 20.8 22930.
 21. 16513.
 21.2 8159.
 21.4 24758.
 21.6 1153.
 21.8 28176.
 22. 27729.
 22.2 23665.
 22.4 46508.
 22.6 19369.
 22.8 17639.
 23. 20412.
 23.2 26060.
 23.4 24551.
 23.6 7236.
 23.8 103.
 24. 5184.
 24.2 99.
 24.4 9514.
 24.6 11007.
 24.8 1685.
 25. 95.
 25.2 120.
 25.4 38690.
 25.6 3734.
 25.8 34.
 26. 13.
 26.2 8.
 26.4 9.
 26.6 7.
 26.8 6.
 27. 9.
 27.2 7.
 27.4 10.
 27.6 1548.
 27.8 7.
 28. 10.
 28.2 3673.
 28.4 15.
 28.6 18258.
 28.8 3696.
 29. 7.
 29.2 3.
 29.4 3.
 29.6 4.
 29.8 4.
 30. 1.
