 -750.0000298023224 0.
 -700.0000278155009 0.
 -650.0000258286794 0.
 -600.0000238418579 0.
 -550.0000218550364 0.
 -500.0000198682149 0.
 -450.00001788139343 0.
 -400.00001589457196 1.
 -350.00001390775043 2.
 -300.00001192092896 1.
 -250.00000993410745 2.
 -200.00000794728598 3.
 -150.00000596046448 6.
 -100.00000397364299 9.
 -50.000001986821495 7.
 0. 38.
 50.000001986821495 29.
 100.00000397364299 35.
 150.00000596046448 44.
 200.00000794728598 47.
 250.00000993410745 62.
 300.00001192092896 74.
 350.00001390775043 79.
 400.00001589457196 82.
 450.00001788139343 73.
 500.0000198682149 45.
 550.0000218550364 59.
 600.0000238418579 31.
 650.0000258286794 26.
 700.0000278155009 17.
 750.0000298023224 14.
