 NEW COEFFICIENTS
 355.25017577474415 257.8745505054409 24.16100478964664 1 0 0 1
 lexpmax, lexpmin 355.25017577474415 10000.

 339.2440066695933 261.677821296947 24.245942166117015 2 0 0 1
 lexpmax, lexpmin 355.25017577474415 10000.

 343.5403605220854 257.0975131381024 24.07874029102535 3 0 0 1
 lexpmax, lexpmin 355.25017577474415 10000.

 339.96019413993326 247.53149204424756 23.7689507216818 4 0 0 1
 lexpmax, lexpmin 355.25017577474415 10000.

 NEW COEFFICIENTS
 352.58346021666085 268.2784881031853 24.762927701307838 5 0 0 2
 lexpmax, lexpmin 355.25017577474415 10000.

 329.11744937830724 273.03125957839256 25.323806734101364 6 0 0 2
 lexpmax, lexpmin 355.25017577474415 10000.

 323.0542822790553 262.7099833576111 24.58198423893156 7 0 0 2
 lexpmax, lexpmin 355.25017577474415 10000.

 346.4209983142542 262.2895179940527 24.52334578684325 8 0 0 2
 lexpmax, lexpmin 355.25017577474415 10000.

 NEW COEFFICIENTS
 352.0909542875159 247.92965019236007 24.168025277658757 9 0 0 3
 lexpmax, lexpmin 355.25017577474415 10000.

 337.0133009338267 266.7210248335381 24.269568031839828 10 0 0 3
 lexpmax, lexpmin 355.25017577474415 10000.

 358.7700771279817 251.45118811665958 23.936877797885316 11 0 0 3
 lexpmax, lexpmin 358.7700771279817 10000.

 348.43526354414183 248.87782622869926 24.230669440473292 12 0 0 3
 lexpmax, lexpmin 358.7700771279817 10000.

 NEW COEFFICIENTS
 364.71675721511343 265.97856519843555 24.246132241983656 13 0 0 4
 lexpmax, lexpmin 364.71675721511343 10000.

 317.7260463829874 283.30862534525176 25.13229067880579 14 0 0 4
 lexpmax, lexpmin 364.71675721511343 10000.

 337.10360771409637 271.099582353119 24.679798020175102 15 0 0 4
 lexpmax, lexpmin 364.71675721511343 10000.

 327.3440016878224 264.3596911697997 24.97977730079594 16 0 0 4
 lexpmax, lexpmin 364.71675721511343 10000.

 NEW COEFFICIENTS
 359.25660395985074 280.80714820873544 24.178471185789558 17 0 0 5
 lexpmax, lexpmin 364.71675721511343 10000.

 336.95820273908265 250.40921389442474 23.523206476791376 18 0 0 5
 lexpmax, lexpmin 364.71675721511343 10000.

 324.5717148423146 246.82241956085954 24.14704606182817 19 0 0 5
 lexpmax, lexpmin 364.71675721511343 10000.

 325.0210904896972 257.4868674355902 24.712449162585717 20 0 0 5
 lexpmax, lexpmin 364.71675721511343 10000.

 NEW COEFFICIENTS
 350.0098355284916 254.98092577052887 23.666795282714073 21 0 0 6
 lexpmax, lexpmin 364.71675721511343 10000.

 333.12467986901896 242.67400994282704 23.280839052390622 22 0 0 6
 lexpmax, lexpmin 364.71675721511343 10000.

 331.03169978243886 284.39538247712846 24.17772663385365 23 0 0 6
 lexpmax, lexpmin 364.71675721511343 10000.

 336.20565255470717 276.2761795104876 25.080359248730662 24 0 0 6
 lexpmax, lexpmin 364.71675721511343 10000.

 NEW COEFFICIENTS
 264.579464078905 287.1754616488039 23.51051567400797 25 0 0 7
 lexpmax, lexpmin 364.71675721511343 10000.

 57.19416066742672 268.6709454242886 26.661104518950506 26 0 0 7
 lexpmax, lexpmin 364.71675721511343 10000.

 346.88980798502286 217.2955566873789 22.149968823598613 27 0 0 7
 lexpmax, lexpmin 364.71675721511343 10000.

 346.6539649077276 227.833554115198 22.64614916794361 28 0 0 7
 lexpmax, lexpmin 364.71675721511343 10000.

 NEW COEFFICIENTS
 332.42371313808513 256.70723286311704 25.138534783407895 29 0 0 8
 lexpmax, lexpmin 364.71675721511343 10000.

 326.62352339273946 270.3635344570917 24.968183363384746 30 0 0 8
 lexpmax, lexpmin 364.71675721511343 10000.

 338.9210255192525 257.2438822241961 24.511037625018712 31 0 0 8
 lexpmax, lexpmin 364.71675721511343 10000.

 337.37498443572497 268.93287613717763 25.374326266533995 32 0 0 8
 lexpmax, lexpmin 364.71675721511343 10000.

 NEW COEFFICIENTS
 349.4718513449253 251.2343167909116 24.7680201659256 33 0 0 9
 lexpmax, lexpmin 364.71675721511343 10000.

 321.63029455229315 239.63283453317706 23.865280370394387 34 0 0 9
 lexpmax, lexpmin 364.71675721511343 10000.

 345.9807697218392 261.25959237129064 24.592560209980437 35 0 0 9
 lexpmax, lexpmin 364.71675721511343 10000.

 333.23736085761226 251.7808484883955 24.0413575336874 36 0 0 9
 lexpmax, lexpmin 364.71675721511343 10000.

 NEW COEFFICIENTS
 355.7300706571703 264.34575162750525 23.81695588726599 37 0 0 10
 lexpmax, lexpmin 364.71675721511343 10000.

 338.1178264850611 255.21290473689066 23.80332595705794 38 0 0 10
 lexpmax, lexpmin 364.71675721511343 10000.

 344.1036921157003 254.42555613498428 24.223620922560936 39 0 0 10
 lexpmax, lexpmin 364.71675721511343 10000.

 336.74197930479477 251.92298197184323 23.98880775087057 40 0 0 10
 lexpmax, lexpmin 364.71675721511343 10000.

 NEW COEFFICIENTS
 344.3650787172262 222.95079122528298 21.85529431634381 41 0 0 11
 lexpmax, lexpmin 364.71675721511343 10000.

 339.70200234987965 240.16667296791536 22.47736564511847 42 0 0 11
 lexpmax, lexpmin 364.71675721511343 10000.

 325.88732254380704 244.0331033704815 22.825988720022902 43 0 0 11
 lexpmax, lexpmin 364.71675721511343 10000.

 334.6903779093891 224.45028573470884 21.947407583853813 44 0 0 11
 lexpmax, lexpmin 364.71675721511343 10000.

 NEW COEFFICIENTS
 344.5016792102649 259.1630259249836 22.98879356937375 45 0 0 12
 lexpmax, lexpmin 364.71675721511343 10000.

 328.3065469048147 260.96101595920084 23.72607051742325 46 0 0 12
 lexpmax, lexpmin 364.71675721511343 10000.

 352.3244558809247 255.101383647265 23.318730020173792 47 0 0 12
 lexpmax, lexpmin 364.71675721511343 10000.

 327.6952701920098 246.78810706015418 23.724862945472204 48 0 0 12
 lexpmax, lexpmin 364.71675721511343 10000.

 NEW COEFFICIENTS
 341.84085137338866 239.94775816737237 23.197764211343824 49 0 0 13
 lexpmax, lexpmin 364.71675721511343 10000.

 346.6990877577756 252.9597621985362 23.052071229294043 50 0 0 13
 lexpmax, lexpmin 364.71675721511343 10000.

 332.5951179166339 240.84011817519863 23.09619908528242 51 0 0 13
 lexpmax, lexpmin 364.71675721511343 10000.

 333.1382746571123 266.2131240464321 24.21459679320749 52 0 0 13
 lexpmax, lexpmin 364.71675721511343 10000.

 NEW COEFFICIENTS
 378.3160583988063 240.80823430171907 23.331511988216242 53 0 0 14
 lexpmax, lexpmin 378.3160583988063 10000.

 351.5320172406605 259.8746485611097 24.02505146442794 54 0 0 14
 lexpmax, lexpmin 378.3160583988063 10000.

 344.14034135200905 262.1587556841394 23.99549113634419 55 0 0 14
 lexpmax, lexpmin 378.3160583988063 10000.

 352.2255318474856 244.4209758544397 23.41404608945215 56 0 0 14
 lexpmax, lexpmin 378.3160583988063 10000.

 NEW COEFFICIENTS
 341.3918528823526 265.07326752479446 24.665551846068738 57 0 0 15
 lexpmax, lexpmin 378.3160583988063 10000.

 343.43543742643976 258.2091243270527 24.847647631174603 58 0 0 15
 lexpmax, lexpmin 378.3160583988063 10000.

 354.55485132154956 252.45689134312755 24.342740868154163 59 0 0 15
 lexpmax, lexpmin 378.3160583988063 10000.

 344.0123397481344 228.4019691178764 23.715113042615695 60 0 0 15
 lexpmax, lexpmin 378.3160583988063 10000.

 NEW COEFFICIENTS
 304.00832550301806 255.2750995112282 23.804953318294427 61 0 0 16
 lexpmax, lexpmin 378.3160583988063 10000.

 349.0987698117392 252.8371060256521 23.703386044613637 62 0 0 16
 lexpmax, lexpmin 378.3160583988063 10000.

 340.4796132033236 241.78055613981476 23.49940439244534 63 0 0 16
 lexpmax, lexpmin 378.3160583988063 10000.

 338.6173219914444 240.48302315087042 23.501562790809807 64 0 0 16
 lexpmax, lexpmin 378.3160583988063 10000.

 NEW COEFFICIENTS
 314.22714682296 266.14653404329715 24.548856068566955 65 0 0 17
 lexpmax, lexpmin 378.3160583988063 10000.

 308.41440675060267 271.2199620634699 24.641518737779176 66 0 0 17
 lexpmax, lexpmin 378.3160583988063 10000.

 319.8271032339831 279.2066962780363 25.674522137845145 67 0 0 17
 lexpmax, lexpmin 378.3160583988063 10000.

 324.3614133353427 270.96994006699015 24.239776935285978 68 0 0 17
 lexpmax, lexpmin 378.3160583988063 10000.

 NEW COEFFICIENTS
 337.35946387156883 269.2814691147233 24.50545774721361 69 0 0 18
 lexpmax, lexpmin 378.3160583988063 10000.

 -200.92247427828528 233.98951072732646 38.649940907711226 69 0 1 18
 lexpmax, lexpmin 378.3160583988063 -200.92247427828528

 324.5988021463365 261.7052110391933 24.359786607695202 70 0 1 18
 lexpmax, lexpmin 378.3160583988063 -200.92247427828528

 -207.91315387149436 308.8638840158824 38.73857539795442 70 0 2 18
 lexpmax, lexpmin 378.3160583988063 -207.91315387149436

 NEW COEFFICIENTS
 344.9327072051602 262.65199555015454 25.21021070113939 71 0 2 19
 lexpmax, lexpmin 378.3160583988063 -207.91315387149436

 351.32981283097564 251.8026811971413 24.995165359578866 72 0 2 19
 lexpmax, lexpmin 378.3160583988063 -207.91315387149436

 337.5049957325919 263.33065508757034 24.907950820646654 73 0 2 19
 lexpmax, lexpmin 378.3160583988063 -207.91315387149436

 -242.50320671258888 337.12422149695044 37.19534659262205 73 0 3 19
 lexpmax, lexpmin 378.3160583988063 -242.50320671258888

 NEW COEFFICIENTS
 345.231789042652 258.2621730650237 23.787962588363065 74 0 3 20
 lexpmax, lexpmin 378.3160583988063 -242.50320671258888

 325.8929471478094 261.94258526213224 24.232109888236987 75 0 3 20
 lexpmax, lexpmin 378.3160583988063 -242.50320671258888

 360.05473273939083 250.9430117309956 23.83094733177774 76 0 3 20
 lexpmax, lexpmin 378.3160583988063 -242.50320671258888

 338.5975091114959 264.42288018794335 24.04792570777793 77 0 3 20
 lexpmax, lexpmin 378.3160583988063 -242.50320671258888

 NEW COEFFICIENTS
 330.9339749807318 266.3694404483019 24.304909118695537 78 0 3 21
 lexpmax, lexpmin 378.3160583988063 -242.50320671258888

 348.89688459543447 258.0018535033269 24.35341286962997 79 0 3 21
 lexpmax, lexpmin 378.3160583988063 -242.50320671258888

 336.46808460550085 264.22446402624666 24.56374839484183 80 0 3 21
 lexpmax, lexpmin 378.3160583988063 -242.50320671258888

 333.63830065973207 258.1034399434222 24.147795357588002 81 0 3 21
 lexpmax, lexpmin 378.3160583988063 -242.50320671258888

 NEW COEFFICIENTS
 333.02249840224573 244.99212367639805 23.302335542032047 82 0 3 22
 lexpmax, lexpmin 378.3160583988063 -242.50320671258888

 327.99942684214255 250.34252530280435 23.909708261787358 83 0 3 22
 lexpmax, lexpmin 378.3160583988063 -242.50320671258888

 337.3105212084655 250.3840691768102 23.70548197369621 84 0 3 22
 lexpmax, lexpmin 378.3160583988063 -242.50320671258888

 297.155155439294 263.06394887235786 25.8092591448619 85 0 3 22
 lexpmax, lexpmin 378.3160583988063 -242.50320671258888

 NEW COEFFICIENTS
 350.5482288184775 249.61934559159664 23.519145363657053 86 0 3 23
 lexpmax, lexpmin 378.3160583988063 -242.50320671258888

 -384.4228204852841 99.19213317386198 37.00638513146988 86 0 4 23
 lexpmax, lexpmin 378.3160583988063 -384.4228204852841

 359.78791607957163 249.74559305300806 23.61466050595355 87 0 4 23
 lexpmax, lexpmin 378.3160583988063 -384.4228204852841

 340.7136148201636 242.2616036398137 23.810751618154352 88 0 4 23
 lexpmax, lexpmin 378.3160583988063 -384.4228204852841

 NEW COEFFICIENTS
 360.4493994542416 229.91606555574566 23.23432897891912 89 0 4 24
 lexpmax, lexpmin 378.3160583988063 -384.4228204852841

 368.9303199692175 227.7853482159082 22.766030512034007 90 0 4 24
 lexpmax, lexpmin 378.3160583988063 -384.4228204852841

 333.7495573066957 233.35251203890115 22.634000052073596 91 0 4 24
 lexpmax, lexpmin 378.3160583988063 -384.4228204852841

 358.16054545184807 227.63788245164352 22.609932009555337 92 0 4 24
 lexpmax, lexpmin 378.3160583988063 -384.4228204852841

 NEW COEFFICIENTS
 333.78950348459415 243.9441270515155 23.85116978845693 93 0 4 25
 lexpmax, lexpmin 378.3160583988063 -384.4228204852841

 337.9943052335679 245.6218842857654 23.874727012661168 94 0 4 25
 lexpmax, lexpmin 378.3160583988063 -384.4228204852841

 338.85826782351603 254.14035822598973 23.629765437937415 95 0 4 25
 lexpmax, lexpmin 378.3160583988063 -384.4228204852841

 349.2200714547039 237.4863707309883 23.301774397922827 96 0 4 25
 lexpmax, lexpmin 378.3160583988063 -384.4228204852841

 NEW COEFFICIENTS
 337.0547549363445 250.73246729517177 23.02613606662367 97 0 4 26
 lexpmax, lexpmin 378.3160583988063 -384.4228204852841

 -79.4234810351641 382.1269616199188 30.35425949639885 97 0 5 26
 lexpmax, lexpmin 378.3160583988063 -384.4228204852841

 305.5735820199285 266.36657568211723 24.406148346180046 98 0 5 26
 lexpmax, lexpmin 378.3160583988063 -384.4228204852841

 328.0771587465181 242.98436148499206 23.55737715957107 99 0 5 26
 lexpmax, lexpmin 378.3160583988063 -384.4228204852841

 NEW COEFFICIENTS
 369.1414867919854 264.7044226002027 23.595910840377105 100 0 5 27
 lexpmax, lexpmin 378.3160583988063 -384.4228204852841

 355.5203687447883 255.53700057945997 24.189725534106998 101 0 5 27
 lexpmax, lexpmin 378.3160583988063 -384.4228204852841

 358.91115273683596 238.84400088783582 24.385703004165265 102 0 5 27
 lexpmax, lexpmin 378.3160583988063 -384.4228204852841

 339.0472895987784 259.588080948533 24.68039360205446 103 0 5 27
 lexpmax, lexpmin 378.3160583988063 -384.4228204852841

 NEW COEFFICIENTS
 331.4972994860932 277.8867873199697 25.028828931481744 104 0 5 28
 lexpmax, lexpmin 378.3160583988063 -384.4228204852841

 180.79318394835008 316.2614404272281 28.995955623134236 105 0 5 28
 lexpmax, lexpmin 378.3160583988063 -384.4228204852841

 292.28439080716663 286.43009089113707 25.79719913332502 106 0 5 28
 lexpmax, lexpmin 378.3160583988063 -384.4228204852841

 311.84680239858244 272.5978383222884 25.405645524073634 107 0 5 28
 lexpmax, lexpmin 378.3160583988063 -384.4228204852841

 NEW COEFFICIENTS
 334.4360371815314 282.5483311124712 24.788531584276644 108 0 5 29
 lexpmax, lexpmin 378.3160583988063 -384.4228204852841

 352.80355774679714 240.606833346232 24.01898389155168 109 0 5 29
 lexpmax, lexpmin 378.3160583988063 -384.4228204852841

 325.0666860331018 258.53392546001123 24.92054619026187 110 0 5 29
 lexpmax, lexpmin 378.3160583988063 -384.4228204852841

 333.9659987023116 270.49375667450624 24.621206201361275 111 0 5 29
 lexpmax, lexpmin 378.3160583988063 -384.4228204852841

 NEW COEFFICIENTS
 339.7849811963078 251.78523377276503 24.28191682046633 112 0 5 30
 lexpmax, lexpmin 378.3160583988063 -384.4228204852841

 348.92364695745863 240.89488249495346 23.737244962158226 113 0 5 30
 lexpmax, lexpmin 378.3160583988063 -384.4228204852841

 340.6447284654454 254.16456312422008 23.811680489014606 114 0 5 30
 lexpmax, lexpmin 378.3160583988063 -384.4228204852841

 345.32269119451377 265.81162370427273 24.02394279899814 115 0 5 30
 lexpmax, lexpmin 378.3160583988063 -384.4228204852841

 NEW COEFFICIENTS
 340.2456473874055 257.10241048269734 23.690173723303282 116 0 5 31
 lexpmax, lexpmin 378.3160583988063 -384.4228204852841

 347.7866013354926 250.25335020128855 23.409933728662338 117 0 5 31
 lexpmax, lexpmin 378.3160583988063 -384.4228204852841

 336.8602708571874 259.4435476383568 24.056401430395674 118 0 5 31
 lexpmax, lexpmin 378.3160583988063 -384.4228204852841

 338.80176610547824 282.16976959420833 23.923803450047348 119 0 5 31
 lexpmax, lexpmin 378.3160583988063 -384.4228204852841

 NEW COEFFICIENTS
 335.4473885868818 265.66932106958825 23.63673829415058 120 0 5 32
 lexpmax, lexpmin 378.3160583988063 -384.4228204852841

 337.0429629659483 261.87480320253985 24.523163458753604 121 0 5 32
 lexpmax, lexpmin 378.3160583988063 -384.4228204852841

 349.80894945129904 256.3064499095896 23.793615988009876 122 0 5 32
 lexpmax, lexpmin 378.3160583988063 -384.4228204852841

 350.47309590663815 272.04613783415664 24.770429431590298 123 0 5 32
 lexpmax, lexpmin 378.3160583988063 -384.4228204852841