 10 0.1726869345671206 0.07093594836366936 9 46 145
 20 7.446422779484091 7.49086853612176 77 7 116
 20 6.949274956001861 7.789175902637244 55 7 138
 20 8.770056685098483 8.559740351073977 88 9 103
 20 11.937386484852295 9.903883987533211 58 2 140
 20 38.91009518068769 19.557962615328318 87 0 113
 30 55.386911863566695 29.843264295647764 127 0 73
 30 63.4429361996953 29.14067084677131 139 1 60
 30 51.22036251711387 32.21280174115999 123 1 76
 30 87.41804552215373 35.94056169117826 135 0 65
 30 53.48145579078216 31.70126448791841 112 0 88
 40 149.12122626321218 59.8069573221126 178 0 22
 40 158.24856360422228 60.44639787758109 166 0 34
 40 155.09254562145426 59.478771748840515 175 0 25
 40 173.86310783175477 45.76759340874931 166 0 34
 40 186.80233230259046 53.58565965516211 163 0 37
 50 333.85972292951556 47.28559351180425 194 0 6
 50 337.2877179422769 41.0403700603275 197 0 3
 50 326.8029662876436 58.64071289878332 195 0 5
 50 353.06005138199635 21.373387567277362 194 0 6
 10 0.9571164342692129 0.8680731813554451 11 32 157
 10 0.30462335998801027 0.3185769937768341 20 49 131
 10 3.115793211009271 1.9038887751431062 41 0 159
 10 92.26535193024179 37.45274157843073 195 0 5
 50 343.13264667154425 55.28741862904965 191 0 9
 10 0.2762707266549657 0.14529929113464898 17 35 148
 10 0.8506768043714851 0.76704135537487 16 41 143
 10 0.7685856364850292 0.8418450871861876 33 10 157
 10 3.5099669861115452 2.849724212852862 34 2 164
 10 100.344776074897 38.52012594654253 186 0 14
 10 1824.3803801877875 41.94063432645235 200 0 0
 50 2461.848410719687 70.8434676726858 200 0 0
 50 2481.8320489381845 4.677581226658173 4 0 0
 50 2439.1410733101993 74.73365018756482 4 0 0
 50 2478.4944808947153 5.173837294448873 4 0 0
 50 2444.280362220232 92.30717166261428 20 0 0
 30 NaN NaN 0 0 0
 30 NaN NaN 0 0 0
 30 NaN NaN 0 0 0
 30 NaN NaN 0 0 0
 30 NaN NaN 0 0 0
 30 NaN NaN 0 0 0
 30 1480.2171067147347 106.95925899701703 48 0 0
 30 1462.326121929132 100.7884994324819 200 0 0
 20 1442.6946021690628 152.0572113183963 200 0 0
 30 52.30854777446858 29.87324161791537 112 1 87
 40 163.52344387953198 55.875016167965704 171 0 29
 40 1442.7963628553446 51.332333949972295 200 0 0
 40 175.27561567174476 43.524508779706025 177 0 23
 40 199.87499290068476 57.04197844283703 182 0 18
 30 51.60566504438761 28.678092716889918 95 1 104
 30 92.17710658594298 35.85091166300906 134 0 66
 30 80.11645354385851 37.9417633445109 131 0 69
 50 326.56736979913507 60.99884996381618 195 0 5
 50 335.46681637264794 51.8048079038822 194 0 6
 50 370.81974604762047 36.90395111916777 197 0 3
 50 1489.5919345960313 17.550301699311646 200 0 0
 20 6.180947869560862 7.0179139055866155 80 3 117
 20 11.167451838135346 8.365637329599702 61 2 137
 20 28.331082849565913 14.660933691384518 106 2 92
 20 1487.8427525917664 151.6056082445109 200 0 0
 10 0.34753487775078523 0.280978219234511 12 31 157
 10 1.5525290218729844 1.3921927208991611 16 8 176
 10 4.955693795849124 3.0495151901023982 90 1 109
 10 1175.3111181597003 296.94123836752885 200 0 0
 30 1002.1890102270768 269.26743225475735 200 0 0
 30 67.55598301992995 34.28412525758935 135 0 65
 30 59.07118884957187 28.616436542610494 130 0 70
 30 52.91892608844313 27.982819793258933 117 0 83
 20 387.6603645506407 214.26891493942503 200 0 0
 20 14.00486312847722 9.494202432486858 77 2 121
 20 9.73001233702613 9.948027838926695 42 1 157
 40 1413.1171974311212 179.84319615135118 200 0 0
 10 12.929797922014329 20.019771620870742 54 3 143
