  -30.000000000000000        0.0000000000000000     
  -29.800000000000001        0.0000000000000000     
  -29.600000000000001        0.0000000000000000     
  -29.399999999999999        0.0000000000000000     
  -29.199999999999999        0.0000000000000000     
  -29.000000000000000        0.0000000000000000     
  -28.800000000000001        0.0000000000000000     
  -28.600000000000001        0.0000000000000000     
  -28.399999999999999        0.0000000000000000     
  -28.199999999999999        0.0000000000000000     
  -28.000000000000000        0.0000000000000000     
  -27.800000000000001        0.0000000000000000     
  -27.600000000000001        0.0000000000000000     
  -27.399999999999999        0.0000000000000000     
  -27.199999999999999        197.00000000000000     
  -27.000000000000000        106.00000000000000     
  -26.800000000000001        83.000000000000000     
  -26.600000000000001        85.000000000000000     
  -26.399999999999999        78.000000000000000     
  -26.199999999999999        90.000000000000000     
  -26.000000000000000        83.000000000000000     
  -25.800000000000001        442.00000000000000     
  -25.600000000000001        287.00000000000000     
  -25.399999999999999        207.00000000000000     
  -25.199999999999999        166.00000000000000     
  -25.000000000000000        137.00000000000000     
  -24.800000000000001        138.00000000000000     
  -24.600000000000001        112.00000000000000     
  -24.399999999999999        110.00000000000000     
  -24.199999999999999        93.000000000000000     
  -24.000000000000000        103.00000000000000     
  -23.800000000000001        90.000000000000000     
  -23.600000000000001        78.000000000000000     
  -23.399999999999999        95.000000000000000     
  -23.199999999999999        83.000000000000000     
  -23.000000000000000        81.000000000000000     
  -22.800000000000001        75.000000000000000     
  -22.600000000000001        76.000000000000000     
  -22.399999999999999        78.000000000000000     
  -22.199999999999999        79.000000000000000     
  -22.000000000000000        67.000000000000000     
  -21.800000000000001        69.000000000000000     
  -21.600000000000001        80.000000000000000     
  -21.399999999999999        69.000000000000000     
  -21.199999999999999        80.000000000000000     
  -21.000000000000000        73.000000000000000     
  -20.800000000000001        264.00000000000000     
  -20.600000000000001        248.00000000000000     
  -20.399999999999999        371.00000000000000     
  -20.199999999999999        270.00000000000000     
  -20.000000000000000        269.00000000000000     
  -19.800000000000001        227.00000000000000     
  -19.600000000000001        246.00000000000000     
  -19.399999999999999        258.00000000000000     
  -19.199999999999999        242.00000000000000     
  -19.000000000000000        242.00000000000000     
  -18.800000000000001        577.00000000000000     
  -18.600000000000001        371.00000000000000     
  -18.399999999999999        580.00000000000000     
  -18.199999999999999        631.00000000000000     
  -18.000000000000000        540.00000000000000     
  -17.800000000000001        728.00000000000000     
  -17.600000000000001        5866.0000000000000     
  -17.399999999999999        785.00000000000000     
  -17.199999999999999        1366.0000000000000     
  -17.000000000000000        1052.0000000000000     
  -16.800000000000001        941.00000000000000     
  -16.600000000000001        17440.000000000000     
  -16.399999999999999        1053.0000000000000     
  -16.199999999999999        10641.000000000000     
  -16.000000000000000        842.00000000000000     
  -15.800000000000001        830.00000000000000     
  -15.600000000000000        1082.0000000000000     
  -15.400000000000000        16130.000000000000     
  -15.199999999999999        1834.0000000000000     
  -15.000000000000000        1583.0000000000000     
  -14.800000000000001        1878.0000000000000     
  -14.600000000000000        7130.0000000000000     
  -14.400000000000000        2335.0000000000000     
  -14.199999999999999        2574.0000000000000     
  -14.000000000000000        2650.0000000000000     
  -13.800000000000001        29009.000000000000     
  -13.600000000000000        2764.0000000000000     
  -13.400000000000000        2556.0000000000000     
  -13.199999999999999        7653.0000000000000     
  -13.000000000000000        2463.0000000000000     
  -12.800000000000001        2656.0000000000000     
  -12.600000000000000        2712.0000000000000     
  -12.400000000000000        3146.0000000000000     
  -12.199999999999999        13001.000000000000     
  -12.000000000000000        3073.0000000000000     
  -11.800000000000001        2925.0000000000000     
  -11.600000000000000        3041.0000000000000     
  -11.400000000000000        3339.0000000000000     
  -11.199999999999999        8318.0000000000000     
  -11.000000000000000        3030.0000000000000     
  -10.800000000000001        13000.000000000000     
  -10.600000000000000        3143.0000000000000     
  -10.400000000000000        3647.0000000000000     
  -10.199999999999999        3314.0000000000000     
  -10.000000000000000        7954.0000000000000     
  -9.8000000000000007        19624.000000000000     
  -9.5999999999999996        12771.000000000000     
  -9.4000000000000004        34058.000000000000     
  -9.1999999999999993        21204.000000000000     
  -9.0000000000000000        4020.0000000000000     
  -8.8000000000000007        4368.0000000000000     
  -8.5999999999999996        3733.0000000000000     
  -8.4000000000000004        4157.0000000000000     
  -8.1999999999999993        4171.0000000000000     
  -8.0000000000000000        5511.0000000000000     
  -7.7999999999999998        4726.0000000000000     
  -7.5999999999999996        13831.000000000000     
  -7.4000000000000004        3830.0000000000000     
  -7.2000000000000002        4073.0000000000000     
  -7.0000000000000000        4107.0000000000000     
  -6.7999999999999998        3527.0000000000000     
  -6.5999999999999996        3650.0000000000000     
  -6.4000000000000004        8169.0000000000000     
  -6.2000000000000002        3050.0000000000000     
  -6.0000000000000000        12904.000000000000     
  -5.7999999999999998        3075.0000000000000     
  -5.5999999999999996        3420.0000000000000     
  -5.4000000000000004        3094.0000000000000     
  -5.2000000000000002        3088.0000000000000     
  -5.0000000000000000        2695.0000000000000     
  -4.7999999999999998        18803.000000000000     
  -4.5999999999999996        2532.0000000000000     
  -4.4000000000000004        2672.0000000000000     
  -4.2000000000000002        2406.0000000000000     
  -4.0000000000000000        2327.0000000000000     
  -3.7999999999999998        2280.0000000000000     
  -3.6000000000000001        7126.0000000000000     
  -3.3999999999999999        2542.0000000000000     
  -3.2000000000000002        2482.0000000000000     
  -3.0000000000000000        2103.0000000000000     
  -2.7999999999999998        2190.0000000000000     
  -2.6000000000000001        2074.0000000000000     
  -2.3999999999999999        2043.0000000000000     
  -2.2000000000000002        2109.0000000000000     
  -2.0000000000000000        2264.0000000000000     
  -1.8000000000000000        2328.0000000000000     
  -1.6000000000000001        1957.0000000000000     
  -1.3999999999999999        2011.0000000000000     
  -1.2000000000000000        2083.0000000000000     
  -1.0000000000000000        2164.0000000000000     
 -0.80000000000000004        7273.0000000000000     
 -0.59999999999999998        2245.0000000000000     
 -0.40000000000000002        1967.0000000000000     
 -0.20000000000000001        1763.0000000000000     
   0.0000000000000000        3768.0000000000000     
  0.20000000000000001        11517.000000000000     
  0.40000000000000002        1858.0000000000000     
  0.59999999999999998        1910.0000000000000     
  0.80000000000000004        1936.0000000000000     
   1.0000000000000000        2088.0000000000000     
   1.2000000000000000        2136.0000000000000     
   1.3999999999999999        6851.0000000000000     
   1.6000000000000001        1644.0000000000000     
   1.8000000000000000        1515.0000000000000     
   2.0000000000000000        1441.0000000000000     
   2.2000000000000002        1493.0000000000000     
   2.3999999999999999        1575.0000000000000     
   2.6000000000000001        1643.0000000000000     
   2.7999999999999998        1882.0000000000000     
   3.0000000000000000        2033.0000000000000     
   3.2000000000000002        2069.0000000000000     
   3.3999999999999999        2054.0000000000000     
   3.6000000000000001        2227.0000000000000     
   3.7999999999999998        18579.000000000000     
   4.0000000000000000        2423.0000000000000     
   4.2000000000000002        2543.0000000000000     
   4.4000000000000004        2281.0000000000000     
   4.5999999999999996        2261.0000000000000     
   4.7999999999999998        2415.0000000000000     
   5.0000000000000000        2342.0000000000000     
   5.2000000000000002        2372.0000000000000     
   5.4000000000000004        2804.0000000000000     
   5.5999999999999996        19274.000000000000     
   5.7999999999999998        2850.0000000000000     
   6.0000000000000000        2486.0000000000000     
   6.2000000000000002        28659.000000000000     
   6.4000000000000004        2655.0000000000000     
   6.5999999999999996        2860.0000000000000     
   6.7999999999999998        3236.0000000000000     
   7.0000000000000000        12819.000000000000     
   7.2000000000000002        3386.0000000000000     
   7.4000000000000004        2853.0000000000000     
   7.5999999999999996        19303.000000000000     
   7.7999999999999998        35991.000000000000     
   8.0000000000000000        13571.000000000000     
   8.1999999999999993        3473.0000000000000     
   8.4000000000000004        2903.0000000000000     
   8.5999999999999996        8077.0000000000000     
   8.8000000000000007        3809.0000000000000     
   9.0000000000000000        3634.0000000000000     
   9.1999999999999993        8449.0000000000000     
   9.4000000000000004        3894.0000000000000     
   9.5999999999999996        3594.0000000000000     
   9.8000000000000007        3333.0000000000000     
   10.000000000000000        3289.0000000000000     
   10.199999999999999        4121.0000000000000     
   10.400000000000000        9189.0000000000000     
   10.600000000000000        20843.000000000000     
   10.800000000000001        4405.0000000000000     
   11.000000000000000        13948.000000000000     
   11.199999999999999        4298.0000000000000     
   11.400000000000000        3365.0000000000000     
   11.600000000000000        2944.0000000000000     
   11.800000000000001        3063.0000000000000     
   12.000000000000000        2730.0000000000000     
   12.199999999999999        3031.0000000000000     
   12.400000000000000        3249.0000000000000     
   12.600000000000000        19546.000000000000     
   12.800000000000001        18981.000000000000     
   13.000000000000000        2662.0000000000000     
   13.199999999999999        43021.000000000000     
   13.400000000000000        2374.0000000000000     
   13.600000000000000        2146.0000000000000     
   13.800000000000001        7264.0000000000000     
   14.000000000000000        18636.000000000000     
   14.199999999999999        7027.0000000000000     
   14.400000000000000        2300.0000000000000     
   14.600000000000000        6956.0000000000000     
   14.800000000000001        2072.0000000000000     
   15.000000000000000        7006.0000000000000     
   15.199999999999999        37988.000000000000     
   15.400000000000000        2250.0000000000000     
   15.600000000000000        18182.000000000000     
   15.800000000000001        1935.0000000000000     
   16.000000000000000        11716.000000000000     
   16.199999999999999        1795.0000000000000     
   16.399999999999999        1343.0000000000000     
   16.600000000000001        10992.000000000000     
   16.800000000000001        1534.0000000000000     
   17.000000000000000        1691.0000000000000     
   17.199999999999999        17890.000000000000     
   17.399999999999999        913.00000000000000     
   17.600000000000001        757.00000000000000     
   17.800000000000001        802.00000000000000     
   18.000000000000000        1166.0000000000000     
   18.199999999999999        757.00000000000000     
   18.399999999999999        567.00000000000000     
   18.600000000000001        501.00000000000000     
   18.800000000000001        521.00000000000000     
   19.000000000000000        358.00000000000000     
   19.199999999999999        450.00000000000000     
   19.399999999999999        5323.0000000000000     
   19.600000000000001        274.00000000000000     
   19.800000000000001        378.00000000000000     
   20.000000000000000        184.00000000000000     
   20.199999999999999        156.00000000000000     
   20.399999999999999        215.00000000000000     
   20.600000000000001        227.00000000000000     
   20.800000000000001        241.00000000000000     
   21.000000000000000        321.00000000000000     
   21.199999999999999        59.000000000000000     
   21.399999999999999        38.000000000000000     
   21.600000000000001        52.000000000000000     
   21.800000000000001        40.000000000000000     
   22.000000000000000        2.0000000000000000     
   22.199999999999999        3.0000000000000000     
   22.399999999999999        0.0000000000000000     
   22.600000000000001        4.0000000000000000     
   22.800000000000001        3.0000000000000000     
   23.000000000000000        6.0000000000000000     
   23.199999999999999        7.0000000000000000     
   23.399999999999999        0.0000000000000000     
   23.600000000000001        0.0000000000000000     
   23.800000000000001        1.0000000000000000     
   24.000000000000000        1.0000000000000000     
   24.199999999999999        0.0000000000000000     
   24.399999999999999        1.0000000000000000     
   24.600000000000001        0.0000000000000000     
   24.800000000000001        0.0000000000000000     
   25.000000000000000        1.0000000000000000     
   25.199999999999999        0.0000000000000000     
   25.399999999999999        1.0000000000000000     
   25.600000000000001        1.0000000000000000     
   25.800000000000001        0.0000000000000000     
   26.000000000000000        1.0000000000000000     
   26.199999999999999        1.0000000000000000     
   26.399999999999999        1.0000000000000000     
   26.600000000000001        1.0000000000000000     
   26.800000000000001        2.0000000000000000     
   27.000000000000000        2.0000000000000000     
   27.199999999999999        0.0000000000000000     
   27.399999999999999        0.0000000000000000     
   27.600000000000001        0.0000000000000000     
   27.800000000000001        0.0000000000000000     
   28.000000000000000        0.0000000000000000     
   28.199999999999999        0.0000000000000000     
   28.399999999999999        0.0000000000000000     
   28.600000000000001        0.0000000000000000     
   28.800000000000001        0.0000000000000000     
   29.000000000000000        0.0000000000000000     
   29.199999999999999        0.0000000000000000     
   29.399999999999999        0.0000000000000000     
   29.600000000000001        0.0000000000000000     
   29.800000000000001        0.0000000000000000     
   30.000000000000000        0.0000000000000000     
