  -120.00000000000000        25.000000000000000     
  -112.00000000000000        19.000000000000000     
  -104.00000000000000        20.000000000000000     
  -96.000000000000000        23.000000000000000     
  -88.000000000000000        20.000000000000000     
  -80.000000000000000        28.000000000000000     
  -72.000000000000000        220.00000000000000     
  -64.000000000000000        364.00000000000000     
  -56.000000000000000        288.00000000000000     
  -48.000000000000000        102.00000000000000     
  -40.000000000000000        96.000000000000000     
  -32.000000000000000        104.00000000000000     
  -24.000000000000000        170.00000000000000     
  -16.000000000000000        290.00000000000000     
  -8.0000000000000000        308.00000000000000     
   0.0000000000000000        354.00000000000000     
   8.0000000000000000        108.00000000000000     
   16.000000000000000        94.000000000000000     
   24.000000000000000        142.00000000000000     
   32.000000000000000        187.00000000000000     
   40.000000000000000        156.00000000000000     
   48.000000000000000        146.00000000000000     
   56.000000000000000        155.00000000000000     
   64.000000000000000        341.00000000000000     
   72.000000000000000        375.00000000000000     
   80.000000000000000        488.00000000000000     
   88.000000000000000        102.00000000000000     
   96.000000000000000        11.000000000000000     
   104.00000000000000        10.000000000000000     
   112.00000000000000        5.0000000000000000     
   120.00000000000000        3.0000000000000000     
