          10  -41.007282284024456        17.714091299446920        6.0630306078530323                0           0           1           1
          10  -47.701937600957621        1.8092463103843892        6.3100853159719161                0           0           2           1
          10  -43.944104449647632        13.954197854592687        6.1760361133458526                0           0           3           1
          10  -14.627459125678238        2.5055244735186548        4.6365882467650374                0           0           4           1
          10  -22.808443446254483        3.1812186396087339        5.2389610543676790                0           0           5           2
          10  -116.32372690248823        4.8391342726727720        10.847761140697173                0           0           6           2
          10  -116.32372691773577        4.8391350944408558        10.847761141050643                0           0           7           2
          10  -116.32372691973048        4.8391352038545801        10.847761141096965                0           0           8           2
          10  -20.623359784716968        9.6942466758160553        7.0598790466519210                0           0           9           3
          10  -21.050475251705759        8.9997402907175026        7.0762761561033978                0           0          10           3
          10  -2.0760820981551791E-002   22.442058076592861        7.6065477948563807                0           1          10           3
          10  -20.942438751802847        8.8785082511051936        7.0717589583661233                0           1          11           3
          10  -7.1664328680662566        1.1538293062176435        5.2139945394059657                0           1          12           4
          10  -11.085562260185917        6.1280804541918004        5.0484950714452150                0           1          13           4
          10  -11.744119672991911        2.9966907460862546        5.0938305189667945                0           1          14           4
          10  -11.916858128423511        2.3665023163102497        5.1133935830788717                0           1          15           4
          10  -5.8229357367836849        6.0322521750335207        3.4427367293663926                0           1          16           5
          10   1.6722004427863355E-002   6.0978268553309682        2.0744728392939549                0           2          16           5
          10  -5.6441025578073596        6.1922224681433269        3.4060475032138267                0           2          17           5
          10   2.1630421820167233E-003   6.0896202745846244        2.0484691711918090                0           3          17           5
          10  -122.49085182378842        5.8653712997084568        14.438859725669367                0           3          18           6
          10  -20.583499948249667        3.5234009083293718        4.9244118657127949                0           3          19           6
          10  0.20543844149056675        11.511533284994158        3.4425300949224988                1           3          19           6
          10  -20.676681128413069        1.7329788737207641        4.9082615409942179                1           3          20           6
          10  -26.998362908839376       0.54445347208667938        5.3469730654071927                1           3          21           7
          10  0.10609814005182498        14.036698507172746        3.6514583067874842                2           3          21           7
          10   4.8193860195916968E-002   14.039026132744171        3.6534649761069011                2           4          21           7
          10   4.2937909901793287E-003   14.041134585426283        3.6547842816938503                2           5          21           7
          10  -21.094840237630631        18.125091937858777        7.6104746403773804                2           5          22           8
          10  -21.349335290905575        18.051279461691703        7.6673958819441657                2           5          23           8
          10  -21.186078849839522        18.050331963181073        7.6417303571586457                2           5          24           8
          10  -20.872125995724740        18.235023526372984        7.5951408858580756                2           5          25           8
          10   3.0403074809955796E-002   8.0662270684196500        3.9303659877619519                2           6          25           9
          10  -21.989125993205761        21.084702871059068        6.1600418907333614                2           6          26           9
          10   1.5165973616008951E-002   12.837406469119893        5.1685454785184106                2           7          26           9
          10   6.7776764006292123E-002   17.122105318319917        3.9533604197894725                2           8          26           9
          10 -0.10338135282034525        13.718704901053437        3.7985924648258464                2           8          27          10
          10  -7.3931913436150853E-002   18.875223881278256        4.9409598698849120                2           9          27          10
          10 -0.10485980512924964        19.741064466984533        5.0053566149795774                2           9          28          10
          10  -3.9498072752403995E-002   13.642855840071702        3.7973714474019302                2          10          28          10
          10  -1.8245552251820042E-002   13.942389089284204        3.6673161708296336                2          11          28          11
          10  -9.1081483933000111        14.441219509131754        5.2915888647777543                2          11          29          11
          10  -8.3222677062939603        14.109000967478069        5.1536054385312839                2          11          30          11
          10  -36.457879930498471        6.8350831807758308        7.3704752747315299                2          11          31          11
          10  -31.387760396628412        7.2478766970178157        4.9961049881179829                2          11          32          12
          10  -31.401947568251607        7.3438845536941209        4.9933813222600438                2          11          33          12
          10  -31.540939100240369        6.9609673658462601        5.0027823612089746                2          11          34          12
          10  -29.460064170098306        11.048645018820585        4.9013756393565862                2          11          35          12
          10  -6.8743520471513735        1.2924820120005929        2.2661083646668607                2          11          36          13
          10  -7.0819356087450576        2.3762765389499161        2.3008724270800838                2          11          37          13
          10  -6.9961659840404815        1.3809894156235656        2.2724304733109566                2          11          38          13
          10  -7.0023126147929080        1.3439045607171523        2.2844205021787309                2          11          39          13
          10   3.6331424572360181E-002   11.666168208469850        2.4743433768439052                2          12          39          14
          10   3.7840060142260608E-002   11.665236792802583        2.4742718628534965                2          13          39          14
          10   8.2510824660885163E-002   11.468373630839752        2.4499829048733686                2          14          39          14
          10  -14.159841614726885        1.5655487223036231        4.9157372811580373                2          14          40          14
          10  -29.112840122689278        5.8707487794102029        5.5625193817604499                2          14          41          15
          10  -11.018399313338708        7.5242005426386172        5.0779475646963581                2          14          42          15
          10  -10.940515320866755        7.8905140616154865        5.0816939999007085                2          14          43          15
          10  -10.944574869060899        7.8330093615514738        5.0810368871578584                2          14          44          15
          10  -3.2790063880482327E-002   11.521551424112578        3.1611346326357337                2          15          44          16
          10   3.2965950735087235E-002   11.507189623190552        3.1454039832587677                2          16          44          16
          10  -7.9023767758213112E-002   11.497236689410979        3.1468918626287294                2          17          44          16
          10   2.2915394010297928E-002   7.9912944728808757        3.8405897174849541                2          18          44          16
          10  -32.910750359618106        2.0782136326769884        5.1217196570093266                2          18          45          17
          10  -73.668746303931272        3.3578928268648522        8.1658433507844723                2          18          46          17
          10  -73.668728975497743        3.3574418909569386        8.1658430159450255                2          18          47          17
          10  -8.4494131140865167E-002   16.459056170514661        3.8642493095614654                2          19          47          17
          10  0.23172878473083483        19.121137560846275        4.1986803152470600                3          19          47          18
          10  -2.7308374202167987E-003   19.206005688742447        4.2364112569358232                3          20          47          18
          10 -0.10347205134479100        19.201251197825368        4.2406525148205958                3          20          48          18
          10  -9.1015937341970152E-002   19.343542766835437        4.2522665976590055                3          21          48          18
          10  -5.3348651401455571       0.89210635707288144        2.4530270434326162                3          21          49          19
          10  0.11976251677505163        9.5334214018186856        2.6760494585892141                4          21          49          19
          10   4.6041157469901270E-002   10.343293661226998        2.6993038397661597                4          22          49          19
          10   5.3506449602734926E-003   10.347344694618357        2.7162716012715205                4          23          49          19
          10  -41.826072909386262        12.248524008333025        5.6341248408979121                4          23          50          20
          10  -40.998045148264339        13.431508020213723        5.5932726936232049                4          23          51          20
          10  -41.196124902199692        13.113880793587040        5.6083460939683851                4          23          52          20
          10  -41.547407257738385        12.705026211516676        5.6222420514579801                4          23          53          20
          10  -28.321265841810959        2.9142560844067416        6.5644825395300677                4          23          54          21
          10  -49.745156480041473        6.7861638849595805        8.7542749940391094                4          23          55          21
          10  -44.352436670980182        20.535762377143776        7.5707184399888607                4          23          56          21
          10  -27.597872473671512        6.4264404974726688        6.5306516538511321                4          23          57          21
          10  -35.990504790560514        7.0198767966500561        7.7379388207477504                4          23          58          22
          10  -33.460037037209695        12.090992500836460        7.5236338335077475                4          23          59          22
          10  -35.989756743001699        7.0239661604571975        7.7379222333926290                4          23          60          22
          10  -35.990589768567560        7.0203541376716911        7.7379398857211870                4          23          61          22
          10   6.8509447795084590E-003   18.773705569951122        3.6668079752468081                4          24          61          23
          10   5.9674115651319123E-002   18.853685069221065        3.6388360830433228                4          25          61          23
          10   8.6310555296283106E-002   18.761849802379196        3.6321307615134217                4          26          61          23
          10  0.10642946661369759        18.733267976061573        3.6353157349344896                5          26          61          23
          10  -4.5205642803149530E-002   11.601022760281161        5.7243849918276020                5          27          61          24
          10  -119.60281006763049        5.2886745927140559        10.349149913542201                5          27          62          24
          10  -8.5160133171849992E-002   11.566704661109044        5.7205748410739163                5          28          62          24
          10  -4.4282714398526213E-002   11.547816364919795        5.7176606435354111                5          29          62          24
          10  -41.262547766469659        8.8106032375889747        6.5472876570539684                5          29          63          25
          10  -41.623382890754613        7.7521918635168801        6.5726400476553763                5          29          64          25
          10  -42.584830909823722        3.9026469396933550        6.6165324098433871                5          29          65          25
          10  -41.364518701716953        8.4324877540998120        6.5605000004760754                5          29          66          25
          10   2.6831516020791878E-002   26.145248669631592        4.3606093812886426                5          30          66          26
          10   9.2491269559939766E-003   26.301376103498999        4.3746755325923710                5          31          66          26
          10  0.17000225538507768        26.214077496974436        4.3621096693185653                6          31          66          26
          10   3.9621064745648346E-002   26.325257532660846        4.3734744177707139                6          32          66          26
          10  -39.622089840676736        6.6505083080508536        7.9854248451890442                6          32          67          27
          10  -40.269644929611651        4.1419379242998824        7.9819936875619302                6          32          68          27
          10  -40.491255603454093        3.5988324753288938        7.9905649036538238                6          32          69          27
          10  -40.172837839288015        4.4209920497895938        7.9719516735862817                6          32          70          27
          10   3.2248602560726886E-003   11.810647560160458        1.9024918974012166                6          33          70          28
          10  -1.4947044010428898        7.3845332784785223        3.2039507040033821                6          33          71          28
          10  -5.1740219137020857E-002   11.827942763041058        1.9156473452358813                6          34          71          28
          10  -1.7909229511837304E-002   1.9594388594173715        1.1113419076960331                6          35          71          28
          10  -17.835865382523256        2.8518800033949399        3.9331985506761993                6          35          72          29
          10  -17.570188839358703        3.4526743445028836        3.9191823698356432                6          35          73          29
          10  -9.3049549019081805        9.6747544418777434        3.9794304994658898                6          35          74          29
          10  -13.708003016551773        2.2784177411739108        7.1783107619092341                6          35          75          29
          10  -27.542582260583409        1.9135603581233633        6.9941148506600106                6          35          76          30
          10  -12.064603478476913        7.1018323995188206        3.3437355645387976                6          35          77          30
          10  -65.892971038743170        4.3764398211515587        8.3067051054037595                6          35          78          30
          10  -27.643830679483159        3.1096628795967769        6.9975660412769605                6          35          79          30
          10 -0.10716749706704547        8.5653893532937690        3.7030606028564046                6          35          80          31
          10  0.33034189086933219        9.6520717191698875        3.6547230078098556                7          35          80          31
          10   6.7952717127575030E-002   8.3883456130338914        3.6907187362781708                7          36          80          31
          10  0.10768610255547863        8.3497490046048419        3.6702105135187533                8          36          80          31
          10  -24.514924229163721        2.6362502355101003        4.6190419691965632                8          36          81          32
          10   9.9685854720868397E-002   8.7653520034131382        3.4472283759173528                8          37          81          32
          10  -41.007282284024456        17.714091299446920        6.0630306078530323                0           0           1           1
          10  -47.701937600957621        1.8092463103843892        6.3100853159719161                0           0           2           1
          10  -43.944104449647632        13.954197854592687        6.1760361133458526                0           0           3           1
          10  -14.627459125678238        2.5055244735186548        4.6365882467650374                0           0           4           1
          10  -22.808443446254483        3.1812186396087339        5.2389610543676790                0           0           5           2
          10  -116.32372690248823        4.8391342726727720        10.847761140697173                0           0           6           2
          10  -116.32372691773577        4.8391350944408558        10.847761141050643                0           0           7           2
          10  -116.32372691973048        4.8391352038545801        10.847761141096965                0           0           8           2
          10  -20.623359784716968        9.6942466758160553        7.0598790466519210                0           0           9           3
          10  -21.050475251705759        8.9997402907175026        7.0762761561033978                0           0          10           3
          10  -2.0760820981551791E-002   22.442058076592861        7.6065477948563807                0           1          10           3
          10  -20.942438751802847        8.8785082511051936        7.0717589583661233                0           1          11           3
          10  -7.1664328680662566        1.1538293062176435        5.2139945394059657                0           1          12           4
          10  -11.085562260185917        6.1280804541918004        5.0484950714452150                0           1          13           4
          10  -11.744119672991911        2.9966907460862546        5.0938305189667945                0           1          14           4
          10  -11.916858128423511        2.3665023163102497        5.1133935830788717                0           1          15           4
          10  -5.8229357367836849        6.0322521750335207        3.4427367293663926                0           1          16           5
          10   1.6722004427863355E-002   6.0978268553309682        2.0744728392939549                0           2          16           5
          10  -5.6441025578073596        6.1922224681433269        3.4060475032138267                0           2          17           5
          10   2.1630421820167233E-003   6.0896202745846244        2.0484691711918090                0           3          17           5
          10  -122.49085182378842        5.8653712997084568        14.438859725669367                0           3          18           6
          10  -20.583499948249667        3.5234009083293718        4.9244118657127949                0           3          19           6
          10  0.20543844149056675        11.511533284994158        3.4425300949224988                1           3          19           6
          10  -20.676681128413069        1.7329788737207641        4.9082615409942179                1           3          20           6
          10  -26.998362908839376       0.54445347208667938        5.3469730654071927                1           3          21           7
          10  0.10609814005182498        14.036698507172746        3.6514583067874842                2           3          21           7
          10   4.8193860195916968E-002   14.039026132744171        3.6534649761069011                2           4          21           7
          10   4.2937909901793287E-003   14.041134585426283        3.6547842816938503                2           5          21           7
          10  -21.094840237630631        18.125091937858777        7.6104746403773804                2           5          22           8
          10  -21.349335290905575        18.051279461691703        7.6673958819441657                2           5          23           8
          10  -21.186078849839522        18.050331963181073        7.6417303571586457                2           5          24           8
          10  -20.872125995724740        18.235023526372984        7.5951408858580756                2           5          25           8
          10   3.0403074809955796E-002   8.0662270684196500        3.9303659877619519                2           6          25           9
          10  -21.989125993205761        21.084702871059068        6.1600418907333614                2           6          26           9
          10   1.5165973616008951E-002   12.837406469119893        5.1685454785184106                2           7          26           9
          10   6.7776764006292123E-002   17.122105318319917        3.9533604197894725                2           8          26           9
          10 -0.10338135282034525        13.718704901053437        3.7985924648258464                2           8          27          10
          10  -7.3931913436150853E-002   18.875223881278256        4.9409598698849120                2           9          27          10
          10 -0.10485980512924964        19.741064466984533        5.0053566149795774                2           9          28          10
          10  -3.9498072752403995E-002   13.642855840071702        3.7973714474019302                2          10          28          10
          10  -1.8245552251820042E-002   13.942389089284204        3.6673161708296336                2          11          28          11
          10  -41.007282284024456        17.714091299446920        6.0630306078530323                0           0           1           1
          10  -47.701937600957621        1.8092463103843892        6.3100853159719161                0           0           2           1
          10  -43.944104449647632        13.954197854592687        6.1760361133458526                0           0           3           1
          10  -14.627459125678238        2.5055244735186548        4.6365882467650374                0           0           4           1
          10  -22.808443446254483        3.1812186396087339        5.2389610543676790                0           0           5           2
          10  -116.32372690248823        4.8391342726727720        10.847761140697173                0           0           6           2
          10  -116.32372691773577        4.8391350944408558        10.847761141050643                0           0           7           2
          10  -116.32372691973048        4.8391352038545801        10.847761141096965                0           0           8           2
          10  -20.623359784716968        9.6942466758160553        7.0598790466519210                0           0           9           3
          10  -21.050475251705759        8.9997402907175026        7.0762761561033978                0           0          10           3
          10  -2.0760820981551791E-002   22.442058076592861        7.6065477948563807                0           1          10           3
          10  -20.942438751802847        8.8785082511051936        7.0717589583661233                0           1          11           3
          10  -7.1664328680662566        1.1538293062176435        5.2139945394059657                0           1          12           4
          10  -11.085562260185917        6.1280804541918004        5.0484950714452150                0           1          13           4
          10  -11.744119672991911        2.9966907460862546        5.0938305189667945                0           1          14           4
          10  -11.916858128423511        2.3665023163102497        5.1133935830788717                0           1          15           4
          10  -5.8229357367836849        6.0322521750335207        3.4427367293663926                0           1          16           5
          10   1.6722004427863355E-002   6.0978268553309682        2.0744728392939549                0           2          16           5
          10  -5.6441025578073596        6.1922224681433269        3.4060475032138267                0           2          17           5
          10   2.1630421820167233E-003   6.0896202745846244        2.0484691711918090                0           3          17           5
          10  -122.49085182378842        5.8653712997084568        14.438859725669367                0           3          18           6
          10  -20.583499948249667        3.5234009083293718        4.9244118657127949                0           3          19           6
          10  0.20543844149056675        11.511533284994158        3.4425300949224988                1           3          19           6
          10  -20.676681128413069        1.7329788737207641        4.9082615409942179                1           3          20           6
          10  -26.998362908839376       0.54445347208667938        5.3469730654071927                1           3          21           7
          10  0.10609814005182498        14.036698507172746        3.6514583067874842                2           3          21           7
          10   4.8193860195916968E-002   14.039026132744171        3.6534649761069011                2           4          21           7
          10   4.2937909901793287E-003   14.041134585426283        3.6547842816938503                2           5          21           7
          10  -21.094840237630631        18.125091937858777        7.6104746403773804                2           5          22           8
          10  -21.349335290905575        18.051279461691703        7.6673958819441657                2           5          23           8
          10  -21.186078849839522        18.050331963181073        7.6417303571586457                2           5          24           8
          10  -20.872125995724740        18.235023526372984        7.5951408858580756                2           5          25           8
          10   3.0403074809955796E-002   8.0662270684196500        3.9303659877619519                2           6          25           9
          10  -21.989125993205761        21.084702871059068        6.1600418907333614                2           6          26           9
          10   1.5165973616008951E-002   12.837406469119893        5.1685454785184106                2           7          26           9
          10   6.7776764006292123E-002   17.122105318319917        3.9533604197894725                2           8          26           9
          10 -0.10338135282034525        13.718704901053437        3.7985924648258464                2           8          27          10
          10  -41.007282284024456        17.714091299446920        6.0630306078530323                0           0           1           1
          10  -47.701937600957621        1.8092463103843892        6.3100853159719161                0           0           2           1
          10  -43.944104449647632        13.954197854592687        6.1760361133458526                0           0           3           1
          10  -14.627459125678238        2.5055244735186548        4.6365882467650374                0           0           4           1
          10  -22.808443446254483        3.1812186396087339        5.2389610543676790                0           0           5           2
           5  -15.782193780509294        27.361221570662309        3.7807811299232212                0           0           1           1
           5  -15.782107375711403        27.361233227479996        3.7806979120048143                0           0           2           1
           5  -15.782193768722472        27.361221538898675        3.7807811251452503                0           0           3           1
           5  -15.642519396158560        27.241040926689063        3.7714554281900483                0           0           4           1
           5  -8.3458851776362817        14.456340270979657        2.8873477609801368                0           0           5           2
           5  -8.3468815300806281        14.458194037808150        2.8874198601198970                0           0           6           2
           5  -8.3468851498726586        14.458200877654274        2.8874201236510935                0           0           7           2
           5  -1.2267024116867321E-002   2.3459801864023504       0.24387198187858991                0           1           7           2
           5  -3.7119570860642863        6.5019756402210804        1.3657972825995257                0           1           8           3
           5  -3.7629727019443595        6.5312237401902022        1.3701841915196247                0           1           9           3
           5  -16.365079031881514        28.359216376558376        3.6809352440349419                0           1          10           3
           5  -16.365078934423295        28.359215340566060        3.6809349995082621                0           1          11           3
           5  -10.984404988253631        19.199474634403401        2.9442096443119090                0           1          12           4
           5  -10.846969935034732        19.012821232180052        2.9337481765443196                0           1          13           4
           5  -11.037068820565208        19.137822486061403        2.9509290761400520                0           1          14           4
           5  -9.5873532152966376        18.352072459991156        2.7814039969555533                0           1          15           4
           5  -10.593314233312684        18.409562688729807        2.4819937463181869                0           1          16           5
           5  -10.629006718357980        18.430117338650309        2.4846521526836387                0           1          17           5
           5  -10.628998804525727        18.430109496779444        2.4846515552386745                0           1          18           5
           5  -10.628997775288937        18.430108476903751        2.4846514775879713                0           1          19           5
           5  -6.5533903903747266        11.351957833708154        2.1918120716666687                0           1          20           6
           5  -6.4919882231136361        11.298038048842178        2.1863743970361735                0           1          21           6
           5  -6.5587137931901207        11.364011497189907        2.1921045646389197                0           1          22           6
           5  -6.3435124760954578        11.190460828336086        2.1595838281182922                0           1          23           6
           5  -2.2570533944832620        4.8791917325192156        1.5321294543206376                0           1          24           7
           5  -7.6155322130560208        13.412931710034592        2.3108335692815252                0           1          25           7
           5  -7.6157501732717172        13.413104574747067        2.3108410331075104                0           1          26           7
           5   2.7946560018142077E-002   4.4915559661713349       0.81267773723690884                0           2          26           7
           5  -5.5174930110108429        9.5783457778949543        2.8834905072391357                0           2          27           8
           5  -5.5327259173264522        9.5884976857042226        2.8848324539740648                0           2          28           8
           5  -5.4791974840761224        9.5879740420150679        2.8764278829598320                0           2          29           8
           5  -4.5134149965456904        8.0669338745264128        1.6380178331738677                0           2          30           8
           5  -9.5513186288612495        16.552622824290651        2.7117826677927255                0           2          31           9
           5  -6.0598825954933204        10.530960226821637        2.1158932411031341                0           2          32           9
           5  -6.0591437425457606        10.527939144206895        2.1158217009868174                0           2          33           9
           5  -9.5657057414364051        16.589039506377144        2.7127966357660807                0           2          34           9
           5  -21.683504143304130        37.557237876847857        4.6905557050572595                0           2          35          10
           5  -4.7437356006769980        15.187623605862655        2.5322615455425797                0           2          36          10
           5  -21.683506101424083        37.557240833024515        4.6905558085854198                0           2          37          10
           5  -21.683502643650339        37.557235613024012        4.6905556257684413                0           2          38          10
           5  -18.950131110310590        32.863541153637179        4.7623499175799253                0           2          39          11
           5  -18.949886760112829        32.862619577310127        4.7623398745692542                0           2          40          11
           5  -1.8648865289979539        3.2404508054841710        2.6785596631814039                0           2          41          11
           5  -18.867759187227108        32.711173141285101        4.7581775461704101                0           2          42          11
           5 -0.77589411578753253        6.8845466747835253        1.9884539528513805                0           2          43          12
           5 -0.76631678504531120        6.8927691453850706        1.9874495652211699                0           2          44          12
           5 -0.77525959800852962        6.8924802500394220        1.9879082957073728                0           2          45          12
           5 -0.76952624636736378        6.8712061017699835        1.9876834943066539                0           2          46          12
           5  -7.4971985843569851        13.267271960794091        2.2485473835492971                0           2          47          13
           5  -7.5309811737920018        13.305270471044828        2.2532575095908167                0           2          48          13
           5  -7.5309114901503182        13.304901160363594        2.2532441272157553                0           2          49          13
           5  -7.5217430259409026        13.280099103467762        2.2514487713096312                0           2          50          13
           5   8.8403863150084746E-003   8.1963337199691200        1.6420999146270818                0           3          50          14
           5  -2.5596342425028264E-002   8.1565468948315552        1.6454536256664165                0           4          50          14
           5   6.2823261702381575E-002   8.3244717598940294        1.6754106479816953                0           5          50          14
           5  -3.2087233338860850        6.0510337306805049        2.0084749927401773                0           5          51          14
           5  -7.4894511250415867        13.958624385855304        2.7602279457527659                0           5          52          15
           5  -7.5650798241175972        14.024550130659966        2.7699607500505246                0           5          53          15
           5  -7.5620984239883047        14.022360800360602        2.7696921655894333                0           5          54          15
           5  -7.5649608847439831        14.022867189668741        2.7698021842232299                0           5          55          15
           5  -29.593500449143509        51.257449803018453        5.9615714653205689                0           5          56          16
           5  -29.463411300578592        51.196459519719809        5.9531697418206253                0           5          57          16
           5  -29.593500414572144        51.257449742137425        5.9615714639193920                0           5          58          16
           5  -29.593500449143562        51.257449803018481        5.9615714653205787                0           5          59          16
           5  -36.193652566085312        63.074758539789677        5.3730372657549346                0           5          60          17
           5  -36.193652566086584        63.074758539784852        5.3730372657549346                0           5          61          17
           5  -35.963112377242481        62.830359393322944        5.3573274990476634                0           5          62          17
           5  -36.193652566086925        63.074758539785194        5.3730372657549355                0           5          63          17
           5  -1.8755551009697411        4.3302307707034577        3.5376267602738589                0           5          64          18
           5  -1.8769547300000604        4.3320272699249767        3.5380072541575331                0           5          65          18
           5  -1.8571589253935294        4.4040082125601021        3.5414719815046740                0           5          66          18
           5  -1.8745167833150602        4.3279920442795792        3.5376273829109093                0           5          67          18
           5  -5.4183285733966811        9.4137531912573014        2.0602167314997510                0           5          68          19
           5  -5.4176377272404883        9.4117558970964641        2.0601655422851892                0           5          69          19
           5  -5.4187264970119049        9.4148252296987121        2.0602528698014320                0           5          70          19
           5  -5.4156547746590995        9.4066239754018977        2.0599689379599662                0           5          71          19
           5  -4.6694258395671495        8.0926043403846570        2.2280542075559500                0           5          72          20
           5  -4.6740506486919999        8.0970891405586247        2.2302687960456073                0           5          73          20
           5  -46.202857411588134        80.056705982096815        6.8092043307752785                0           5          74          20
           5  -4.6741942613414480        8.0969147178832639        2.2301528699643987                0           5          75          20
           5  -21.603844922911854        37.465328795878406        4.9055286962292612                0           5          76          21
           5  -21.666094778676609        37.551554031577076        4.9110073644062942                0           5          77          21
           5  -21.666094114241588        37.551551649265747        4.9110073261595781                0           5          78          21
           5  -21.147310167209994        37.277593103230771        4.8629246035939628                0           5          79          21
           5  -5.4497716213241443        9.4583200052865148        2.5278566078914699                0           5          80          22
           5 -0.41355673158213335       0.98753758811853243       0.95583078341535221                0           5          81          22
           5  -5.4437685974319336        9.5412592034623476        2.5270794058637502                0           5          82          22
           5  -5.4602780033636398        9.4803716081177836        2.5286915760570987                0           5          83          22
           5  -12.089053582218254        20.970824022347092        3.9567757122521172                0           5          84          23
           5   6.5871146831551477E-003   6.4119332281215629        1.3576915741199977                0           6          84          23
           5   5.0592057425809219E-003   6.4101660918187360        1.3532382825108014                0           7          84          23
           5   1.2654108335249881E-002   6.4086368313549311        1.3533372977221823                0           8          84          23
           5  -4.6528133838141112        8.2506190342771060        1.8511987893644868                0           8          85          24
           5  -4.5983983458243198        8.0268964950856549        1.8478057027011048                0           8          86          24
           5  -4.6759821757473077        9.3179162390294827        1.8517345785543526                0           8          87          24
           5  -4.4398996608995986        8.1417122406779630        1.8409563481809634                0           8          88          24
           5  -12.596316725982476        21.817632015972503        3.4387054578527287                0           8          89          25
           5  -2.3805380527177400        5.2158065920039203        1.4906184876667432                0           8          90          25
           5  -12.596319796877594        21.817637782685484        3.4387056517027195                0           8          91          25
           5  -12.595096436242351        21.815410455984711        3.4386279405682481                0           8          92          25
           5  -7.1633501949432929        12.475496909837346        2.0493060181136173                0           8          93          26
           5  -7.1720874399226471        12.493585301975060        2.0492548430856754                0           8          94          26
           5  -6.0653507287956003        10.648538663710349        2.3188144375496917                0           8          95          26
           5  -6.0654081393036137        10.648999078471288        2.3188489003945421                0           8          96          26
           5  -6.2302386502456502        10.797713261177302        3.1504154711781669                0           8          97          27
           5  -18.674583629075229        32.709746364354082        3.7278334820619659                0           8          98          27
           5  -6.2317145337871489        10.801958406828099        3.1506076204418019                0           8          99          27
           5  -6.2328079820765154        10.828165559471826        3.1504842630761996                0           8         100          27
           5  -37.881189681935034        65.647875072882087        6.0381684194009830                0           8         101          28
           5  -37.881189686907831        65.647875100257693        6.0381684196813534                0           8         102          28
           5  -37.881141278502113        65.647609198114694        6.0381656922672473                0           8         103          28
           5  -37.881189686907746        65.647875100257210        6.0381684196813534                0           8         104          28
           5  -16.474155983106858        31.718176237919312        3.8529964254798221                0           8         105          29
           5  -14.650391737496729        30.516800366080314        3.6511889911582567                0           8         106          29
           5  -16.599210970068157        31.756421854666506        3.8643524018592150                0           8         107          29
           5  -16.599210812427128        31.756421684510300        3.8643523957342780                0           8         108          29
           5  -2.4449331019555753        4.2664807804428291        1.1115485854545577                0           8         109          30
           5  -2.4443841782510498        4.2627176961302560        1.1115998965658263                0           8         110          30
           5  -2.4441011567494124        4.2638442170455555        1.1114504269787666                0           8         111          30
           5  -2.4418074219641368        4.2508326224587041        1.1115301167525273                0           8         112          30
           5  -22.869907321186332        40.386978534907144        4.0716019606913845                0           8         113          31
           5  -22.887239503002043        40.397081289984641        4.0733925209514004                0           8         114          31
           5  -5.0348656123124016        12.520523945827080        2.1568711283741182                0           8         115          31
           5  -5.0349386861576244        12.520641660047531        2.1568785262424917                0           8         116          31
           5 -0.73851063660482352        2.3523862096119621        1.2108087369819789                0           8         117          32
           5  -14.541992145457076        25.187909606030264        2.8925782790560217                0           8         118          32
           5  -29.753542516913615        51.566016730182035        4.8568873963681733                0           8         119          32
           5   1.5286417148361011E-004   4.0031333053883520        1.1346586741256155                0           9         119          32
           5  -12.894756581553516        22.412634435196789        2.7340422884669744                0           9         120          33
           5  -12.894756684732570        22.412634808375508        2.7340422890284013                0           9         121          33
           5  -12.869092437439623        22.349564882322369        2.7337420051491526                0           9         122          33
           5  -5.0237170776669586        8.7030830699091553        2.9101766195975673                0           9         123          33
           5  -28.316053908746877        49.061833689836341        4.5685443177036946                0           9         124          34
           5  -28.316053872359888        49.061833586374476        4.5685443167022246                0           9         125          34
           5  -2.8117973833974785        6.4696033580607937       0.79377949337629461                0           9         126          34
           5  -28.316053880486944        49.061833609480331        4.5685443169257871                0           9         127          34
           5  -1.3082757982853748        2.3301511027400070       0.75513866247984074                0           9         128          35
           5  -1.3082166005589306        2.2719729640118924       0.75532723330345086                0           9         129          35
           5  -1.3103626511670650        2.4726455893468851       0.76482381961936263                0           9         130          35
           5  -12.421085341009823        21.520434295295370        3.6546240466109774                0           9         131          35
           5  -11.529329016493380        20.020321905206675        3.6718403123758576                0           9         132          36
           5  -9.7224348837054286        22.012020685791914        3.1460948069927603                0           9         133          36
           5  -3.1416712476703950        5.5067633675038614        1.4673940922222219                0           9         134          36
           5  -11.368117258309999        19.912577050021746        3.6550912566652340                0           9         135          36
           5  -10.993265303890334        22.383295307756022        2.8033153573619289                0           9         136          37
           5  -5.2939757317858112        9.2094100131072256        1.6388393317464798                0           9         137          37
           5  -7.3146319425344632        12.732226084439311        2.9229830931245866                0           9         138          37
           5  -10.993450582397802        22.383531541994852        2.8033303611999116                0           9         139          37
           5  -5.3383553651407132        9.2584387449642342        2.2820692270008034                0           9         140          38
           5  -5.3385731580908722        9.2589341418637616        2.2820893222369358                0           9         141          38
           5  -2.0682016022934162        4.5989468514444569        1.6630645625196168                0           9         142          38
           5  -7.1646217510304737        12.433211571867776        3.1771524568541971                0           9         143          38
           5  -11.207933916193642        19.443890516592692        3.0884581295219977                0           9         144          39
           5  -11.207927923627393        19.443868111553254        3.0884576640834056                0           9         145          39
           5  -11.207768231687110        19.443265804166732        3.0884452461266929                0           9         146          39
           5  -11.207896680404003        19.443751098664709        3.0884552368448697                0           9         147          39
           5  -9.1611249801458801        16.143530647463116        2.7164905550910614                0           9         148          40
           5  -9.1609314834394251        16.142686689557074        2.7164719780991549                0           9         149          40
           5  -9.1611641412820912        16.143579560155974        2.7164926875797515                0           9         150          40
           5  -9.1611647029588248        16.143578309450024        2.7164924767307466                0           9         151          40
           5   4.5999838802064097E-003   7.4038876173197314       0.93315291146198820                0          10         151          41
           5 -0.22323708180696061        2.5528654490034839       0.38986887762533157                0          10         152          41
           5   3.7997812455238152E-003   7.4233992170600667       0.93669657571411624                0          11         152          41
           5   2.2332370398183084E-002   7.4367536464522610       0.93022581002333915                0          12         152          41
           5  -2.9799332591405954E-003   4.1432196345263836       0.63323965226100143                0          13         152          42
           5  -2.8880039790862310E-003   4.1391746241237310       0.63422132698403122                0          14         152          42
           5   1.4440086351306230E-002   4.1638096520902019       0.63244960376185555                0          15         152          42
           5   1.9088929674930755E-002   4.1700693879124540       0.63317380334591267                0          16         152          42
           5  -2.3393361620691380        5.4200539214029604        1.2478538329385322                0          16         153          43
           5  -2.3974056155912300        5.6009875715405988        1.2590300464363235                0          16         154          43
           5  -2.3494497385287443        5.4311176494034648        1.2469445225926121                0          16         155          43
           5  -2.3234037429936598        5.4031975935241618        1.2448643273949733                0          16         156          43
           5  -39.209918031681013        67.922472315649316        6.2194229775139078                0          16         157          44
           5  -39.209918031681013        67.922472315649316        6.2194229775139078                0          16         158          44
           5  -39.209918031681141        67.922472315649628        6.2194229775139078                0          16         159          44
           5  -19.611333863462043        34.195394677843666        4.4501054297278166                0          16         160          44
           5 -0.93276718117740365        2.7485679969088275        1.1847729143025194                0          16         161          45
           5  -1.4999322124635439        3.8781212510674470       0.87406405829658329                0          16         162          45
           5 -0.90989059884834256        2.6296432939806431        1.1805390881450859                0          16         163          45
           5 -0.90807290839577892        2.6104750067555771        1.1791795044832307                0          16         164          45
           5  -23.868381144823399        41.606205503941609        4.8906713894641705                0          16         165          46
           5  -24.070514774320124        41.701857933907355        4.9061279243441414                0          16         166          46
           5  -23.588778632827111        41.446046128710819        4.8661519557438622                0          16         167          46
           5  -24.069741294783903        41.699583650884861        4.9060927873096896                0          16         168          46
           5  -3.7744007234258343        6.5402586180284130        2.0852868020230764                0          16         169          47
           5  -3.7778943305255210        6.5453035315085808        2.0854800954547237                0          16         170          47
           5  -3.7776559050063518        6.5449193273694704        2.0854731951366960                0          16         171          47
           5  -3.7736692830966945        6.5393763990769571        2.0851981524439580                0          16         172          47
           5  -14.520996051329956        25.792166895469521        3.7771711535354706                0          16         173          48
           5  -15.031348994720835        26.037813717839310        3.8270361808662758                0          16         174          48
           5  -1.3737501184120013        4.3428595400700925        1.7913401913980505                0          16         175          48
           5  -1.3696649548441404        4.3438722184506533        1.7945750448530728                0          16         176          48
           5  -11.996661543345320        20.801335554236719        3.6224548413811357                0          16         177          49
           5  -11.996665813391925        20.801353020808872        3.6224552580998894                0          16         178          49
           5  -35.224409194112397        63.168456891965960        4.7279083949569225                0          16         179          49
           5  -33.551304161127447        62.227384306362609        4.6197131257649504                0          16         180          49
           5  -7.7742346260950566        13.490671238311242        3.2132534425060792                0          16         181          50
           5  -3.3973434560541178        5.8985953592313631        1.8410134460370453                0          16         182          50
           5  -3.4048152479120630        5.9087912804881082        1.8423167555644060                0          16         183          50
           5  -3.4054058628477364        5.9098472936978927        1.8424212730258467                0          16         184          50
          10  -9.6251577184913645E-002   26.577177545594168        5.1465556997642619                0           1           0           1
          10   2.2036070317516757E-002   26.516601375315467        5.1373695127884824                0           2           0           1
          10  -11.487074928785136        13.683893666010738        5.9223126108330888                0           2           1           1
          10   7.5922915662831908E-002   26.495520067686211        5.1346938694591193                0           3           1           1
          10  -7.2428291611581397        3.9441963172179531        4.2181679294256638                0           3           2           2
          10  -15.022217507182161        4.8962400907932482        4.4720500178578027                0           3           3           2
          10  -7.0933119593391707        4.4492942715798618        4.2221110596484603                0           3           4           2
          10  -20.805774793319916        23.781567547097179        7.0545628647400029                0           3           5           2
          10  -28.224609915724134        3.3482340224392932        6.8958119305290619                0           3           6           3
          10  -4.0380743283225827E-003   18.980464352270097        3.7964238282584528                0           4           6           3
          10   7.4935681288884531E-002   18.987253767946680        3.8000566638201545                0           5           6           3
          10   2.1005359339073292E-003   17.549010540765394        3.5795707603369902                0           6           6           3
          10  -33.204499175080755        34.990370029525202        8.6441591105181335                0           6           7           4
          10  -33.217713069679057        34.984215914808935        8.6442540835417248                0           6           8           4
          10 -0.52190455138004732        3.4397115515096850        2.2625309996351790                0           6           9           4
          10  -33.216863760374423        34.984918743329409        8.6442781464646750                0           6          10           4
          10  -23.989578459111844        3.4611274030638657        8.7747963650040059                0           6          11           5
          10   2.1411151244048066E-002   13.329273001247440        3.6116294563095228                0           7          11           5
          10  -31.929882602735596        2.3419453896338163        7.7546468550498862                0           7          12           5
          10  -31.929646352005356        2.3338347735998712        7.7546196514731713                0           7          13           5
          10  -29.135107999233092        7.9469152687098594        5.4397747033692667                0           7          14           6
          10  -29.131055074222513        7.9334849574238255        5.4396191573370434                0           7          15           6
          10  -73.278965183353478        1.9474355426479866        8.8630587411528534                0           7          16           6
          10  -73.279025532198204        1.9458009898353963        8.8630560242286460                0           7          17           6
          10  -4.1348696190731761E-002   18.354534481023389        4.7623343331030954                0           8          17           7
          10  -75.349075626428288        4.4049362633582199        9.7139154110752894                0           8          18           7
          10   4.4761486473337859E-004   18.323450137390331        4.7575559603929261                0           9          18           7
          10  -75.349077915099656        4.4050686016603038        9.7139155671065698                0           9          19           7
          10   5.1235119419292298E-002   13.261208763690458        3.6598125751007577                0          10          19           8
          10 -0.10377534753309316        13.306337710499074        3.6694277851011070                0          10          20           8
          10   5.4745471851109430E-002   13.254825190993103        3.6585736903044523                0          11          20           8
          10  -1.5211061871420795E-002   13.273049100549688        3.6568454223716178                0          12          20           8
          10  -35.088684126140684        9.6974456309975707        6.4921095990944142                0          12          21           9
          10  -32.801315910333230        13.147786414713714        6.3277657927056810                0          12          22           9
          10  -34.777057191650002        10.273832401133786        6.4747747408987042                0          12          23           9
          10  -35.054616110720673        9.6970810990605116        6.4913436871383476                0          12          24           9
          10  -15.062798656571179        14.711831477646165        4.9318960652459820                0          12          25          10
          10  -14.143322928196380        15.230927785030579        4.8612348479032370                0          12          26          10
          10  -15.019939207110093        14.705168000831597        4.9310705073682826                0          12          27          10
          10  -15.060527393291512        14.706242218664292        4.9317299447576097                0          12          28          10
          10  -54.963408253568353        23.512252382528477        8.8126131136124393                0          12          29          11
          10  -14.397916513961674        11.961735720562322        4.1121253589102089                0          12          30          11
          10  -9.6251577184913645E-002   26.577177545594168        5.1465556997642619                0           1           0           1
          10   2.2036070317516757E-002   26.516601375315467        5.1373695127884824                0           2           0           1
          10  -11.487074928785136        13.683893666010738        5.9223126108330888                0           2           1           1
          10   7.5922915662831908E-002   26.495520067686211        5.1346938694591193                0           3           1           1
          10  -7.2428291611581397        3.9441963172179531        4.2181679294256638                0           3           2           2
          10  -15.022217507182161        4.8962400907932482        4.4720500178578027                0           3           3           2
          10  -7.0933119593391707        4.4492942715798618        4.2221110596484603                0           3           4           2
          10  -20.805774793319916        23.781567547097179        7.0545628647400029                0           3           5           2
          10  -28.224609915724134        3.3482340224392932        6.8958119305290619                0           3           6           3
          10  -4.0380743283225827E-003   18.980464352270097        3.7964238282584528                0           4           6           3
          10   7.4935681288884531E-002   18.987253767946680        3.8000566638201545                0           5           6           3
          10   2.1005359339073292E-003   17.549010540765394        3.5795707603369902                0           6           6           3
          10  -33.204499175080755        34.990370029525202        8.6441591105181335                0           6           7           4
          10  -33.217713069679057        34.984215914808935        8.6442540835417248                0           6           8           4
          10 -0.52190455138004732        3.4397115515096850        2.2625309996351790                0           6           9           4
          10  -33.216863760374423        34.984918743329409        8.6442781464646750                0           6          10           4
          10  -23.989578459111844        3.4611274030638657        8.7747963650040059                0           6          11           5
          10   2.1411151244048066E-002   13.329273001247440        3.6116294563095228                0           7          11           5
          10  -31.929882602735596        2.3419453896338163        7.7546468550498862                0           7          12           5
          10  -31.929646352005356        2.3338347735998712        7.7546196514731713                0           7          13           5
          10  -29.135107999233092        7.9469152687098594        5.4397747033692667                0           7          14           6
          10  -29.131055074222513        7.9334849574238255        5.4396191573370434                0           7          15           6
          10  -73.278965183353478        1.9474355426479866        8.8630587411528534                0           7          16           6
          10  -73.279025532198204        1.9458009898353963        8.8630560242286460                0           7          17           6
          10  -4.1348696190731761E-002   18.354534481023389        4.7623343331030954                0           8          17           7
          10  -75.349075626428288        4.4049362633582199        9.7139154110752894                0           8          18           7
          10   4.4761486473337859E-004   18.323450137390331        4.7575559603929261                0           9          18           7
          10  -75.349077915099656        4.4050686016603038        9.7139155671065698                0           9          19           7
          10   5.1235119419292298E-002   13.261208763690458        3.6598125751007577                0          10          19           8
          10 -0.10377534753309316        13.306337710499074        3.6694277851011070                0          10          20           8
          10   5.4745471851109430E-002   13.254825190993103        3.6585736903044523                0          11          20           8
          10  -1.5211061871420795E-002   13.273049100549688        3.6568454223716178                0          12          20           8
          10  -35.088684126140684        9.6974456309975707        6.4921095990944142                0          12          21           9
          10  -32.801315910333230        13.147786414713714        6.3277657927056810                0          12          22           9
          10  -34.777057191650002        10.273832401133786        6.4747747408987042                0          12          23           9
          10  -35.054616110720673        9.6970810990605116        6.4913436871383476                0          12          24           9
          10  -9.6251577184913645E-002   26.577177545594168        5.1465556997642619                0           1           0           1
          10   2.2036070317516757E-002   26.516601375315467        5.1373695127884824                0           2           0           1
          10  -11.487074928785136        13.683893666010738        5.9223126108330888                0           2           1           1
          10   7.5922915662831908E-002   26.495520067686211        5.1346938694591193                0           3           1           1
          10  -7.2428291611581397        3.9441963172179531        4.2181679294256638                0           3           2           2
          10  -15.022217507182161        4.8962400907932482        4.4720500178578027                0           3           3           2
          10  -7.0933119593391707        4.4492942715798618        4.2221110596484603                0           3           4           2
          10  -20.805774793319916        23.781567547097179        7.0545628647400029                0           3           5           2
          10  -28.224609915724134        3.3482340224392932        6.8958119305290619                0           3           6           3
          10  -4.0380743283225827E-003   18.980464352270097        3.7964238282584528                0           4           6           3
          10   7.4935681288884531E-002   18.987253767946680        3.8000566638201545                0           5           6           3
          10   2.1005359339073292E-003   17.549010540765394        3.5795707603369902                0           6           6           3
          10  -33.204499175080755        34.990370029525202        8.6441591105181335                0           6           7           4
          10  -33.217713069679057        34.984215914808935        8.6442540835417248                0           6           8           4
          10 -0.52190455138004732        3.4397115515096850        2.2625309996351790                0           6           9           4
          10  -33.216863760374423        34.984918743329409        8.6442781464646750                0           6          10           4
          10  -23.989578459111844        3.4611274030638657        8.7747963650040059                0           6          11           5
          10   2.1411151244048066E-002   13.329273001247440        3.6116294563095228                0           7          11           5
          10  -31.929882602735596        2.3419453896338163        7.7546468550498862                0           7          12           5
          10  -31.929646352005356        2.3338347735998712        7.7546196514731713                0           7          13           5
          10  -29.135107999233092        7.9469152687098594        5.4397747033692667                0           7          14           6
          10  -29.131055074222513        7.9334849574238255        5.4396191573370434                0           7          15           6
          10  -73.278965183353478        1.9474355426479866        8.8630587411528534                0           7          16           6
          10  -73.279025532198204        1.9458009898353963        8.8630560242286460                0           7          17           6
          10  -4.1348696190731761E-002   18.354534481023389        4.7623343331030954                0           8          17           7
          10  -75.349075626428288        4.4049362633582199        9.7139154110752894                0           8          18           7
          10   4.4761486473337859E-004   18.323450137390331        4.7575559603929261                0           9          18           7
          10  -75.349077915099656        4.4050686016603038        9.7139155671065698                0           9          19           7
          10   5.1235119419292298E-002   13.261208763690458        3.6598125751007577                0          10          19           8
          10 -0.10377534753309316        13.306337710499074        3.6694277851011070                0          10          20           8
          10   5.4745471851109430E-002   13.254825190993103        3.6585736903044523                0          11          20           8
          10  -1.5211061871420795E-002   13.273049100549688        3.6568454223716178                0          12          20           8
          10  -35.088684126140684        9.6974456309975707        6.4921095990944142                0          12          21           9
          10  -32.801315910333230        13.147786414713714        6.3277657927056810                0          12          22           9
          10  -34.777057191650002        10.273832401133786        6.4747747408987042                0          12          23           9
          10  -35.054616110720673        9.6970810990605116        6.4913436871383476                0          12          24           9
          10  -15.062798656571179        14.711831477646165        4.9318960652459820                0          12          25          10
          10  -14.143322928196380        15.230927785030579        4.8612348479032370                0          12          26          10
          10  -15.019939207110093        14.705168000831597        4.9310705073682826                0          12          27          10
          10  -15.060527393291512        14.706242218664292        4.9317299447576097                0          12          28          10
          10  -54.963408253568353        23.512252382528477        8.8126131136124393                0          12          29          11
          10  -14.397916513961674        11.961735720562322        4.1121253589102089                0          12          30          11
          10  -14.438845478404728        12.138095892003028        4.1090895417819882                0          12          31          11
          10  -54.963428731909268        23.512250515188274        8.8126136011421909                0          12          32          11
          10  0.17562924171150229        11.999078177604099        3.7409305212809429                1          12          32          12
          10   4.0547062935530599E-002   11.751675182369059        3.7280923353831295                1          13          32          12
          10   7.1424986582842340E-002   11.766922963318159        3.7209924912179395                1          14          32          12
          10   6.1564482027835876E-002   11.761582196264253        3.7225337331050077                1          15          32          12
          10   2.6990790990525375        12.583083186201295        3.0723203426877634                2          15          32          13
          10   2.9952358838992992        10.890464044362401        2.6531915548225684                3          15          32          13
          10   2.9268945084206490        11.119565986156774        2.5372582523349285                4          15          32          13
          10   2.5887556736455428        11.092338597099522        2.6779111806699727                5          15          32          13
          10  -22.931348692815732        5.7895164873029881        5.3598888538016674                5          15          33          14
          10  -23.213793580393016        3.2063146016291215        5.3460325746480688                5          15          34          14
          10  -23.178215675594544        3.6268659905489140        5.3448375839595457                5          15          35          14
          10  -22.641950652364329        6.3359015949721584        5.3549756389938237                5          15          36          14
          10   1.7033001082901459E-002   20.637183379982734        5.6603580823307968                5          16          36          15
          10  -2.7391942139485870E-002   20.619904434185685        5.6763869482678810                5          17          36          15
          10  -2.7366887187809587E-002   20.639629177706603        5.6655899914456480                5          18          36          15
          10  0.10148621162018995        20.533174212385333        5.6455482329941038                6          18          36          15
          10  -2.9696902622937089        6.5516579337568102        2.5874766010323564                6          18          37          16
          10  -3.0362287339043581        6.5608028833689094        2.5904674450865515                6          18          38          16
          10  -3.0035561560479520        6.5340042961215756        2.5867338641992235                6          18          39          16
          20  -37.974837402531747        51.310279878648942        11.369983577262781                0           0           1           1
          20  -32.062919712784961        56.005731206065342        11.326053395519875                0           0           2           1
          20  -31.777950961717714        54.753282790423256        11.288040758024385                0           0           3           1
          20  -30.547668566416789        57.794732754095122        11.319613234341521                0           0           4           1
          20  -39.259124172027100        51.095576023932608        12.005239293938057                0           0           5           2
          20  -31.190424020733243        13.525156771498905        12.258479762750664                0           0           6           2
          20 -0.33079715109338154        59.454923606204538        9.4098530383311303                0           0           7           2
          20  -38.026709227818614        51.741257260530602        11.942601205238203                0           0           8           2
          20   1.2267764035114228        57.971194522890599        10.702489476239801                1           0           8           3
          20  0.61643870998890182        57.182881857614781        10.627066882934043                2           0           8           3
          20  0.53311620176825048        67.668221119846010        10.353175019267352                3           0           8           3
